-20,1,hs8aQYg2z9LkJb380SA0HxjThO0=,rveQf1htLq50jNKC73XR5XIzZNg=
-21,2,hs8aQYg2z9LkJb380SA0HxjThO0=,T6T2Q7341zwamuiqmrX4tJ48V5A=
-20,2,hs8aQYg2z9LkJb380SA0HxjThO0=,DdPlOd1fRoiXx3RFh6+jOOHYozk=
-21,1,hs8aQYg2z9LkJb380SA0HxjThO0=,MPssMH9JSPv8CDinY6OJiRK/DdY=
-18,1,IM8QoxBlOMDs3w0ZyZViBFpxHNI=,qa1u56dQUaxIwUcKQ5+G3Hb0LqQ=
-19,1,IM8QoxBlOMDs3w0ZyZViBFpxHNI=,rveQf1htLq50jNKC73XR5XIzZNg=
-19,2,IM8QoxBlOMDs3w0ZyZViBFpxHNI=,DdPlOd1fRoiXx3RFh6+jOOHYozk=
-21,4,IM8QoxBlOMDs3w0ZyZViBFpxHNI=,UcKpc81YxLkPRyMjnFKE+1Osqmk=
-20,4,IM8QoxBlOMDs3w0ZyZViBFpxHNI=,+oDEucWTj5f/LeVvm5wk5R/vw98=
-21,3,IM8QoxBlOMDs3w0ZyZViBFpxHNI=,T6T2Q7341zwamuiqmrX4tJ48V5A=
-18,2,IM8QoxBlOMDs3w0ZyZViBFpxHNI=,/SU4FmgAsrQJN3NK5k6HziBjAak=
-20,3,IM8QoxBlOMDs3w0ZyZViBFpxHNI=,DdPlOd1fRoiXx3RFh6+jOOHYozk=
-19,4,hbUCltsKflcRVOl0i+924sAHalo=,+oDEucWTj5f/LeVvm5wk5R/vw98=
-18,4,hbUCltsKflcRVOl0i+924sAHalo=,jFTXOt3nPH3GKCPfttSuqbdEp90=
-19,3,hbUCltsKflcRVOl0i+924sAHalo=,DdPlOd1fRoiXx3RFh6+jOOHYozk=
-18,3,hbUCltsKflcRVOl0i+924sAHalo=,/SU4FmgAsrQJN3NK5k6HziBjAak=
-18,6,hbUCltsKflcRVOl0i+924sAHalo=,2rEi6625fXm7vhQsQBot+1dhQHU=
-19,6,hbUCltsKflcRVOl0i+924sAHalo=,gV3hHxKisSblrFldKt2XfzYVlbU=
-19,5,hbUCltsKflcRVOl0i+924sAHalo=,+oDEucWTj5f/LeVvm5wk5R/vw98=
-18,5,hbUCltsKflcRVOl0i+924sAHalo=,jFTXOt3nPH3GKCPfttSuqbdEp90=
-18,8,wCBpXo41wGXINrds1pc0xXa/DPQ=,0GoCUQMD9dY3IAkBYT2BJcTjaPM=
-18,7,wCBpXo41wGXINrds1pc0xXa/DPQ=,2rEi6625fXm7vhQsQBot+1dhQHU=
-19,8,wCBpXo41wGXINrds1pc0xXa/DPQ=,VaTKJnH4x28nMakNdvXazGCgAjA=
-19,7,wCBpXo41wGXINrds1pc0xXa/DPQ=,gV3hHxKisSblrFldKt2XfzYVlbU=
-20,6,wCBpXo41wGXINrds1pc0xXa/DPQ=,gV3hHxKisSblrFldKt2XfzYVlbU=
-21,6,wCBpXo41wGXINrds1pc0xXa/DPQ=,A1gwYk2pjE7W2Nphql7w64x8fgo=
-21,7,wCBpXo41wGXINrds1pc0xXa/DPQ=,A1gwYk2pjE7W2Nphql7w64x8fgo=
-20,7,wCBpXo41wGXINrds1pc0xXa/DPQ=,gV3hHxKisSblrFldKt2XfzYVlbU=
-20,5,wCBpXo41wGXINrds1pc0xXa/DPQ=,+oDEucWTj5f/LeVvm5wk5R/vw98=
-20,8,wCBpXo41wGXINrds1pc0xXa/DPQ=,VaTKJnH4x28nMakNdvXazGCgAjA=
-21,8,wCBpXo41wGXINrds1pc0xXa/DPQ=,IF/Dc74Q0InaP5iJGPkhqZ6WAkU=
-21,5,wCBpXo41wGXINrds1pc0xXa/DPQ=,UcKpc81YxLkPRyMjnFKE+1Osqmk=
-22,8,+ZMMMiELcErUGqCgkhltzDsMhfg=,IF/Dc74Q0InaP5iJGPkhqZ6WAkU=
-23,7,+ZMMMiELcErUGqCgkhltzDsMhfg=,Vh8CcJzeQKK/QU4+C5Ha/G90DL0=
-22,7,+ZMMMiELcErUGqCgkhltzDsMhfg=,A1gwYk2pjE7W2Nphql7w64x8fgo=
-23,8,+ZMMMiELcErUGqCgkhltzDsMhfg=,84zirwjxqQ/ODbHLXztRRxFIgb0=
-23,5,+ZMMMiELcErUGqCgkhltzDsMhfg=,5yF+TdSvqeq4C3Cn4kipFbYvt+c=
-23,3,+ZMMMiELcErUGqCgkhltzDsMhfg=,mlZEjzJjhVVeK9Udgz1IH9sC4XE=
-22,3,+ZMMMiELcErUGqCgkhltzDsMhfg=,T6T2Q7341zwamuiqmrX4tJ48V5A=
-22,6,+ZMMMiELcErUGqCgkhltzDsMhfg=,A1gwYk2pjE7W2Nphql7w64x8fgo=
-22,4,+ZMMMiELcErUGqCgkhltzDsMhfg=,UcKpc81YxLkPRyMjnFKE+1Osqmk=
-22,5,+ZMMMiELcErUGqCgkhltzDsMhfg=,UcKpc81YxLkPRyMjnFKE+1Osqmk=
-23,4,+ZMMMiELcErUGqCgkhltzDsMhfg=,5yF+TdSvqeq4C3Cn4kipFbYvt+c=
-23,6,+ZMMMiELcErUGqCgkhltzDsMhfg=,Vh8CcJzeQKK/QU4+C5Ha/G90DL0=
-22,9,UFnERXDhzlUoWCIyika3UWbe8QE=,IF/Dc74Q0InaP5iJGPkhqZ6WAkU=
-22,10,UFnERXDhzlUoWCIyika3UWbe8QE=,33slgbSFPs/qnfCu0uAA51VgKq0=
-23,9,UFnERXDhzlUoWCIyika3UWbe8QE=,84zirwjxqQ/ODbHLXztRRxFIgb0=
-23,10,UFnERXDhzlUoWCIyika3UWbe8QE=,RQC6WLNXirpsyJg5KJTgCfd/XRY=
-22,11,UFnERXDhzlUoWCIyika3UWbe8QE=,33slgbSFPs/qnfCu0uAA51VgKq0=
-22,12,UFnERXDhzlUoWCIyika3UWbe8QE=,KVM1905eE7OXF0wxpAGo+4mZUvM=
-23,11,UFnERXDhzlUoWCIyika3UWbe8QE=,RQC6WLNXirpsyJg5KJTgCfd/XRY=
-23,12,UFnERXDhzlUoWCIyika3UWbe8QE=,XUNN0+y6T2Tm/R0IkXxNe9bME1Y=
-23,13,oy9RybFR7WfFD/XSVXvO/+NAZLc=,XUNN0+y6T2Tm/R0IkXxNe9bME1Y=
-22,13,oy9RybFR7WfFD/XSVXvO/+NAZLc=,KVM1905eE7OXF0wxpAGo+4mZUvM=
-22,14,oy9RybFR7WfFD/XSVXvO/+NAZLc=,1pmBFahOD/iNH5bRZhHyfkhtV6c=
-23,14,oy9RybFR7WfFD/XSVXvO/+NAZLc=,duIwLuUQYGKoChjXyxhnqwYEEck=
-20,14,oy9RybFR7WfFD/XSVXvO/+NAZLc=,k6yEC8lkPDlcQC/EfgXFyXB+/6g=
-20,13,oy9RybFR7WfFD/XSVXvO/+NAZLc=,AKZnwy5+YTeUcoWAUrXo7rnfhAM=
-21,14,oy9RybFR7WfFD/XSVXvO/+NAZLc=,1pmBFahOD/iNH5bRZhHyfkhtV6c=
-21,13,oy9RybFR7WfFD/XSVXvO/+NAZLc=,KVM1905eE7OXF0wxpAGo+4mZUvM=
-17,8,s85yZ87gS60KjUZofE/ht2m7NbM=,0GoCUQMD9dY3IAkBYT2BJcTjaPM=
-17,7,s85yZ87gS60KjUZofE/ht2m7NbM=,2rEi6625fXm7vhQsQBot+1dhQHU=
-17,6,s85yZ87gS60KjUZofE/ht2m7NbM=,2rEi6625fXm7vhQsQBot+1dhQHU=
-17,5,s85yZ87gS60KjUZofE/ht2m7NbM=,jFTXOt3nPH3GKCPfttSuqbdEp90=
-17,4,s85yZ87gS60KjUZofE/ht2m7NbM=,jFTXOt3nPH3GKCPfttSuqbdEp90=
-17,3,s85yZ87gS60KjUZofE/ht2m7NbM=,/SU4FmgAsrQJN3NK5k6HziBjAak=
-17,2,s85yZ87gS60KjUZofE/ht2m7NbM=,/SU4FmgAsrQJN3NK5k6HziBjAak=
-17,1,s85yZ87gS60KjUZofE/ht2m7NbM=,qa1u56dQUaxIwUcKQ5+G3Hb0LqQ=
-20,15,qbTmzYLcJi9E1wew2rdecHzBHfs=,k6yEC8lkPDlcQC/EfgXFyXB+/6g=
-21,15,qbTmzYLcJi9E1wew2rdecHzBHfs=,1pmBFahOD/iNH5bRZhHyfkhtV6c=
-23,15,qbTmzYLcJi9E1wew2rdecHzBHfs=,duIwLuUQYGKoChjXyxhnqwYEEck=
-22,15,qbTmzYLcJi9E1wew2rdecHzBHfs=,1pmBFahOD/iNH5bRZhHyfkhtV6c=
-20,10,ndYx2EppquQdV9NacG5xm0z5kj8=,yDHgQ6jTFLIF4VHf0xYDN9S62Zs=
-20,11,ndYx2EppquQdV9NacG5xm0z5kj8=,yDHgQ6jTFLIF4VHf0xYDN9S62Zs=
-21,9,ndYx2EppquQdV9NacG5xm0z5kj8=,IF/Dc74Q0InaP5iJGPkhqZ6WAkU=
-18,13,ndYx2EppquQdV9NacG5xm0z5kj8=,gZu/XAYL4TJDM9IgBU8g+ZUbWyE=
-18,14,ndYx2EppquQdV9NacG5xm0z5kj8=,XL+FSSuJ8fq3jooPCWXduNoKqi4=
-21,11,ndYx2EppquQdV9NacG5xm0z5kj8=,33slgbSFPs/qnfCu0uAA51VgKq0=
-17,14,ndYx2EppquQdV9NacG5xm0z5kj8=,XL+FSSuJ8fq3jooPCWXduNoKqi4=
-20,9,ndYx2EppquQdV9NacG5xm0z5kj8=,VaTKJnH4x28nMakNdvXazGCgAjA=
-19,14,ndYx2EppquQdV9NacG5xm0z5kj8=,k6yEC8lkPDlcQC/EfgXFyXB+/6g=
-21,12,ndYx2EppquQdV9NacG5xm0z5kj8=,KVM1905eE7OXF0wxpAGo+4mZUvM=
-20,12,ndYx2EppquQdV9NacG5xm0z5kj8=,AKZnwy5+YTeUcoWAUrXo7rnfhAM=
-19,15,ndYx2EppquQdV9NacG5xm0z5kj8=,k6yEC8lkPDlcQC/EfgXFyXB+/6g=
-21,10,ndYx2EppquQdV9NacG5xm0z5kj8=,33slgbSFPs/qnfCu0uAA51VgKq0=
-18,10,ndYx2EppquQdV9NacG5xm0z5kj8=,yTy4IUi+RJV8Zj0TL4Yq4I/bmnk=
-18,15,ndYx2EppquQdV9NacG5xm0z5kj8=,XL+FSSuJ8fq3jooPCWXduNoKqi4=
-18,12,ndYx2EppquQdV9NacG5xm0z5kj8=,gZu/XAYL4TJDM9IgBU8g+ZUbWyE=
-17,12,ndYx2EppquQdV9NacG5xm0z5kj8=,gZu/XAYL4TJDM9IgBU8g+ZUbWyE=
-19,10,ndYx2EppquQdV9NacG5xm0z5kj8=,yDHgQ6jTFLIF4VHf0xYDN9S62Zs=
-17,10,DVULvbgKNACR5xs9BKG0w+z63mw=,yTy4IUi+RJV8Zj0TL4Yq4I/bmnk=
-19,13,DVULvbgKNACR5xs9BKG0w+z63mw=,AKZnwy5+YTeUcoWAUrXo7rnfhAM=
-19,11,DVULvbgKNACR5xs9BKG0w+z63mw=,yDHgQ6jTFLIF4VHf0xYDN9S62Zs=
-17,13,DVULvbgKNACR5xs9BKG0w+z63mw=,gZu/XAYL4TJDM9IgBU8g+ZUbWyE=
-18,9,DVULvbgKNACR5xs9BKG0w+z63mw=,0GoCUQMD9dY3IAkBYT2BJcTjaPM=
-17,9,DVULvbgKNACR5xs9BKG0w+z63mw=,0GoCUQMD9dY3IAkBYT2BJcTjaPM=
-19,12,DVULvbgKNACR5xs9BKG0w+z63mw=,AKZnwy5+YTeUcoWAUrXo7rnfhAM=
-18,11,DVULvbgKNACR5xs9BKG0w+z63mw=,yTy4IUi+RJV8Zj0TL4Yq4I/bmnk=
-17,11,DVULvbgKNACR5xs9BKG0w+z63mw=,yTy4IUi+RJV8Zj0TL4Yq4I/bmnk=
-19,9,DVULvbgKNACR5xs9BKG0w+z63mw=,VaTKJnH4x28nMakNdvXazGCgAjA=
-25,14,QYIy/HZrbJ310x3Tc96NGbxCQz0=,m2UMQF5d0eO4MjVJQI2W7n7Abgc=
-24,9,QYIy/HZrbJ310x3Tc96NGbxCQz0=,84zirwjxqQ/ODbHLXztRRxFIgb0=
-24,13,QYIy/HZrbJ310x3Tc96NGbxCQz0=,XUNN0+y6T2Tm/R0IkXxNe9bME1Y=
-24,11,QYIy/HZrbJ310x3Tc96NGbxCQz0=,RQC6WLNXirpsyJg5KJTgCfd/XRY=
-25,12,QYIy/HZrbJ310x3Tc96NGbxCQz0=,3gA7r1sXmSclRnepgJtq0DQELgE=
-25,13,QYIy/HZrbJ310x3Tc96NGbxCQz0=,3gA7r1sXmSclRnepgJtq0DQELgE=
-24,14,QYIy/HZrbJ310x3Tc96NGbxCQz0=,duIwLuUQYGKoChjXyxhnqwYEEck=
-24,10,QYIy/HZrbJ310x3Tc96NGbxCQz0=,RQC6WLNXirpsyJg5KJTgCfd/XRY=
-25,11,QYIy/HZrbJ310x3Tc96NGbxCQz0=,riBE6Pm6PuWSua9cUy6Og2BmAaE=
-24,12,QYIy/HZrbJ310x3Tc96NGbxCQz0=,XUNN0+y6T2Tm/R0IkXxNe9bME1Y=
-25,10,QYIy/HZrbJ310x3Tc96NGbxCQz0=,riBE6Pm6PuWSua9cUy6Og2BmAaE=
-25,9,QYIy/HZrbJ310x3Tc96NGbxCQz0=,HbgUrNLO8botJxNDsPcTkvQ7afc=
-26,10,gsp2LShV9aiYekVTpIsLW7gaGiA=,riBE6Pm6PuWSua9cUy6Og2BmAaE=
-26,12,gsp2LShV9aiYekVTpIsLW7gaGiA=,3gA7r1sXmSclRnepgJtq0DQELgE=
-27,12,gsp2LShV9aiYekVTpIsLW7gaGiA=,ddfL/vIogYzrbgVS+r4j+VsNeXA=
-26,14,gsp2LShV9aiYekVTpIsLW7gaGiA=,m2UMQF5d0eO4MjVJQI2W7n7Abgc=
-26,11,gsp2LShV9aiYekVTpIsLW7gaGiA=,riBE6Pm6PuWSua9cUy6Og2BmAaE=
-27,14,gsp2LShV9aiYekVTpIsLW7gaGiA=,HBjBd/hVKs67xYIgVXFttqLgb6k=
-27,10,gsp2LShV9aiYekVTpIsLW7gaGiA=,FRHIDB0vdmdXBGPI0r2XfHLG8No=
-27,11,gsp2LShV9aiYekVTpIsLW7gaGiA=,FRHIDB0vdmdXBGPI0r2XfHLG8No=
-26,13,gsp2LShV9aiYekVTpIsLW7gaGiA=,3gA7r1sXmSclRnepgJtq0DQELgE=
-27,13,gsp2LShV9aiYekVTpIsLW7gaGiA=,ddfL/vIogYzrbgVS+r4j+VsNeXA=
-26,9,gsp2LShV9aiYekVTpIsLW7gaGiA=,HbgUrNLO8botJxNDsPcTkvQ7afc=
-27,9,gsp2LShV9aiYekVTpIsLW7gaGiA=,g47pgvARWntc0k+a3lsTtDCzk/Q=
-28,8,JCkPMr6z5nUWFQW5Gl6TDRrLGdY=,g47pgvARWntc0k+a3lsTtDCzk/Q=
-28,10,JCkPMr6z5nUWFQW5Gl6TDRrLGdY=,FRHIDB0vdmdXBGPI0r2XfHLG8No=
-29,7,JCkPMr6z5nUWFQW5Gl6TDRrLGdY=,qjEwdBs5PYZCKqA6JFjgh8Qw+74=
-29,8,JCkPMr6z5nUWFQW5Gl6TDRrLGdY=,zxLfqk0qty0n+xjUd4PNJbAjC64=
-29,10,JCkPMr6z5nUWFQW5Gl6TDRrLGdY=,/fvcCISJVUkxdG0eS90JuOuo4oI=
-28,9,JCkPMr6z5nUWFQW5Gl6TDRrLGdY=,g47pgvARWntc0k+a3lsTtDCzk/Q=
-29,9,JCkPMr6z5nUWFQW5Gl6TDRrLGdY=,zxLfqk0qty0n+xjUd4PNJbAjC64=
-28,7,MeQCh7N/rQeyX23T2lv4o6vKbeY=,WpxUo/OMhDYZlLbt8onHIhHSsps=
-30,10,a14dt5Ko4b9lJIJ8cuih2ayhE0Q=,/fvcCISJVUkxdG0eS90JuOuo4oI=
-31,10,a14dt5Ko4b9lJIJ8cuih2ayhE0Q=,S4ET3+xRFKqyaiCQ9jJNAjiouxA=
-31,9,a14dt5Ko4b9lJIJ8cuih2ayhE0Q=,D7/finBRmBYFGjsqCLuh78rKT0s=
-28,12,a14dt5Ko4b9lJIJ8cuih2ayhE0Q=,ddfL/vIogYzrbgVS+r4j+VsNeXA=
-30,9,a14dt5Ko4b9lJIJ8cuih2ayhE0Q=,zxLfqk0qty0n+xjUd4PNJbAjC64=
-29,11,a14dt5Ko4b9lJIJ8cuih2ayhE0Q=,/fvcCISJVUkxdG0eS90JuOuo4oI=
-28,11,a14dt5Ko4b9lJIJ8cuih2ayhE0Q=,FRHIDB0vdmdXBGPI0r2XfHLG8No=
-29,12,a14dt5Ko4b9lJIJ8cuih2ayhE0Q=,bTAXyogEgrwz5dIHYwZ+UYAAI0Q=
-30,12,a14dt5Ko4b9lJIJ8cuih2ayhE0Q=,bTAXyogEgrwz5dIHYwZ+UYAAI0Q=
-31,11,a14dt5Ko4b9lJIJ8cuih2ayhE0Q=,S4ET3+xRFKqyaiCQ9jJNAjiouxA=
-30,11,a14dt5Ko4b9lJIJ8cuih2ayhE0Q=,/fvcCISJVUkxdG0eS90JuOuo4oI=
-31,12,a14dt5Ko4b9lJIJ8cuih2ayhE0Q=,YvqRracWFhrTUu4/FQ94Fm54RLk=
-17,15,ADRP8SKOIuTOzGs3R2c4qYRrklo=,XL+FSSuJ8fq3jooPCWXduNoKqi4=
-24,15,ADRP8SKOIuTOzGs3R2c4qYRrklo=,duIwLuUQYGKoChjXyxhnqwYEEck=
-27,15,ADRP8SKOIuTOzGs3R2c4qYRrklo=,HBjBd/hVKs67xYIgVXFttqLgb6k=
-26,15,ADRP8SKOIuTOzGs3R2c4qYRrklo=,m2UMQF5d0eO4MjVJQI2W7n7Abgc=
-25,15,ADRP8SKOIuTOzGs3R2c4qYRrklo=,m2UMQF5d0eO4MjVJQI2W7n7Abgc=
-28,14,RUt8rC7eNJRpOhat/BGVGNbEESQ=,HBjBd/hVKs67xYIgVXFttqLgb6k=
-29,14,RUt8rC7eNJRpOhat/BGVGNbEESQ=,9+OBFMxonSg48gmY0oLWFeG1+Ok=
-28,15,RUt8rC7eNJRpOhat/BGVGNbEESQ=,HBjBd/hVKs67xYIgVXFttqLgb6k=
-29,15,RUt8rC7eNJRpOhat/BGVGNbEESQ=,9+OBFMxonSg48gmY0oLWFeG1+Ok=
-28,13,RUt8rC7eNJRpOhat/BGVGNbEESQ=,ddfL/vIogYzrbgVS+r4j+VsNeXA=
-29,13,RUt8rC7eNJRpOhat/BGVGNbEESQ=,bTAXyogEgrwz5dIHYwZ+UYAAI0Q=
-32,13,rDrDAe8IweAnLA076kJiv08r0gk=,YvqRracWFhrTUu4/FQ94Fm54RLk=
-30,14,rDrDAe8IweAnLA076kJiv08r0gk=,9+OBFMxonSg48gmY0oLWFeG1+Ok=
-32,15,rDrDAe8IweAnLA076kJiv08r0gk=,DiD3KV+IWv4NJhuguKjPO5ISz4g=
-31,15,Qw7TD9VXXFFitaORfDRiGZz2+eA=,DiD3KV+IWv4NJhuguKjPO5ISz4g=
-31,14,Qw7TD9VXXFFitaORfDRiGZz2+eA=,DiD3KV+IWv4NJhuguKjPO5ISz4g=
-30,15,Qw7TD9VXXFFitaORfDRiGZz2+eA=,9+OBFMxonSg48gmY0oLWFeG1+Ok=
-30,13,Qw7TD9VXXFFitaORfDRiGZz2+eA=,bTAXyogEgrwz5dIHYwZ+UYAAI0Q=
-31,13,Qw7TD9VXXFFitaORfDRiGZz2+eA=,YvqRracWFhrTUu4/FQ94Fm54RLk=
-32,14,Qw7TD9VXXFFitaORfDRiGZz2+eA=,DiD3KV+IWv4NJhuguKjPO5ISz4g=
-26,2,YLQqvG2nqcsz9GFauxboUsMmU+4=,6tv6qvC4+SFUl/vhuu/teeJ7smY=
-27,2,YLQqvG2nqcsz9GFauxboUsMmU+4=,kXTlhBf9LzymTRKeWac7AbRRZIM=
-27,1,YLQqvG2nqcsz9GFauxboUsMmU+4=,Epgpi7O845hdvKBRKqUX57vi2Do=
-26,1,YLQqvG2nqcsz9GFauxboUsMmU+4=,lxuNwZkyf9qsZt3SqywILjv87yw=
-26,4,YLQqvG2nqcsz9GFauxboUsMmU+4=,VlHAAqdJ3rCi/V9rb++ApjwEuis=
-24,4,YLQqvG2nqcsz9GFauxboUsMmU+4=,5yF+TdSvqeq4C3Cn4kipFbYvt+c=
-27,3,YLQqvG2nqcsz9GFauxboUsMmU+4=,kXTlhBf9LzymTRKeWac7AbRRZIM=
-26,3,YLQqvG2nqcsz9GFauxboUsMmU+4=,6tv6qvC4+SFUl/vhuu/teeJ7smY=
-27,4,YLQqvG2nqcsz9GFauxboUsMmU+4=,0IMwv9oKvnMbpha9WJFfsJj5Fcs=
-24,3,YLQqvG2nqcsz9GFauxboUsMmU+4=,mlZEjzJjhVVeK9Udgz1IH9sC4XE=
-25,3,YLQqvG2nqcsz9GFauxboUsMmU+4=,6tv6qvC4+SFUl/vhuu/teeJ7smY=
-25,4,YLQqvG2nqcsz9GFauxboUsMmU+4=,VlHAAqdJ3rCi/V9rb++ApjwEuis=
-24,5,umQEeqUhJSorFeWr6CYfmQTWlMo=,5yF+TdSvqeq4C3Cn4kipFbYvt+c=
-24,7,umQEeqUhJSorFeWr6CYfmQTWlMo=,Vh8CcJzeQKK/QU4+C5Ha/G90DL0=
-26,8,umQEeqUhJSorFeWr6CYfmQTWlMo=,HbgUrNLO8botJxNDsPcTkvQ7afc=
-26,6,umQEeqUhJSorFeWr6CYfmQTWlMo=,fmw5JRkz/40XcpnsmpK21KdvV04=
-26,5,umQEeqUhJSorFeWr6CYfmQTWlMo=,VlHAAqdJ3rCi/V9rb++ApjwEuis=
-25,6,umQEeqUhJSorFeWr6CYfmQTWlMo=,fmw5JRkz/40XcpnsmpK21KdvV04=
-27,6,umQEeqUhJSorFeWr6CYfmQTWlMo=,WpxUo/OMhDYZlLbt8onHIhHSsps=
-26,7,umQEeqUhJSorFeWr6CYfmQTWlMo=,fmw5JRkz/40XcpnsmpK21KdvV04=
-25,8,umQEeqUhJSorFeWr6CYfmQTWlMo=,HbgUrNLO8botJxNDsPcTkvQ7afc=
-27,8,umQEeqUhJSorFeWr6CYfmQTWlMo=,g47pgvARWntc0k+a3lsTtDCzk/Q=
-25,7,umQEeqUhJSorFeWr6CYfmQTWlMo=,fmw5JRkz/40XcpnsmpK21KdvV04=
-24,6,umQEeqUhJSorFeWr6CYfmQTWlMo=,Vh8CcJzeQKK/QU4+C5Ha/G90DL0=
-27,5,umQEeqUhJSorFeWr6CYfmQTWlMo=,0IMwv9oKvnMbpha9WJFfsJj5Fcs=
-25,5,umQEeqUhJSorFeWr6CYfmQTWlMo=,VlHAAqdJ3rCi/V9rb++ApjwEuis=
-27,7,umQEeqUhJSorFeWr6CYfmQTWlMo=,WpxUo/OMhDYZlLbt8onHIhHSsps=
-24,8,JDixT/DKUidIU2yu1zc2uMujNxU=,84zirwjxqQ/ODbHLXztRRxFIgb0=
-28,4,f6/Y0CYRO2/4diPkZi4HWrbjBtU=,0IMwv9oKvnMbpha9WJFfsJj5Fcs=
-29,6,f6/Y0CYRO2/4diPkZi4HWrbjBtU=,qjEwdBs5PYZCKqA6JFjgh8Qw+74=
-28,5,f6/Y0CYRO2/4diPkZi4HWrbjBtU=,0IMwv9oKvnMbpha9WJFfsJj5Fcs=
-28,3,f6/Y0CYRO2/4diPkZi4HWrbjBtU=,kXTlhBf9LzymTRKeWac7AbRRZIM=
-28,6,f6/Y0CYRO2/4diPkZi4HWrbjBtU=,WpxUo/OMhDYZlLbt8onHIhHSsps=
-29,5,f6/Y0CYRO2/4diPkZi4HWrbjBtU=,BSOeE0drsjynlKNuIYLWV745wsc=
-29,3,f6/Y0CYRO2/4diPkZi4HWrbjBtU=,Ufw19t1AfdB6+envF0bAEdw9c1U=
-29,4,f6/Y0CYRO2/4diPkZi4HWrbjBtU=,BSOeE0drsjynlKNuIYLWV745wsc=
-31,4,q4qriaRznyF8eSyu9rEA213XtU4=,AimPvIOnt9Sz/hltTmKWagTr1ms=
-30,3,q4qriaRznyF8eSyu9rEA213XtU4=,Ufw19t1AfdB6+envF0bAEdw9c1U=
-30,4,q4qriaRznyF8eSyu9rEA213XtU4=,BSOeE0drsjynlKNuIYLWV745wsc=
-31,3,q4qriaRznyF8eSyu9rEA213XtU4=,YlWsguzMaSyjspRIFdQms0gNkEA=
-32,4,q4qriaRznyF8eSyu9rEA213XtU4=,AimPvIOnt9Sz/hltTmKWagTr1ms=
-32,3,q4qriaRznyF8eSyu9rEA213XtU4=,YlWsguzMaSyjspRIFdQms0gNkEA=
-32,9,QXGzJWNc02yURaOmIUlNSmgRcSc=,D7/finBRmBYFGjsqCLuh78rKT0s=
-32,10,QXGzJWNc02yURaOmIUlNSmgRcSc=,S4ET3+xRFKqyaiCQ9jJNAjiouxA=
-32,12,QXGzJWNc02yURaOmIUlNSmgRcSc=,YvqRracWFhrTUu4/FQ94Fm54RLk=
-32,11,QXGzJWNc02yURaOmIUlNSmgRcSc=,S4ET3+xRFKqyaiCQ9jJNAjiouxA=
-27,0,QXGzJWNc02yURaOmIUlNSmgRcSc=,Epgpi7O845hdvKBRKqUX57vi2Do=
-26,0,QXGzJWNc02yURaOmIUlNSmgRcSc=,lxuNwZkyf9qsZt3SqywILjv87yw=
-28,0,QXGzJWNc02yURaOmIUlNSmgRcSc=,Epgpi7O845hdvKBRKqUX57vi2Do=
-28,2,QXGzJWNc02yURaOmIUlNSmgRcSc=,kXTlhBf9LzymTRKeWac7AbRRZIM=
-29,2,QXGzJWNc02yURaOmIUlNSmgRcSc=,Ufw19t1AfdB6+envF0bAEdw9c1U=
-29,0,QXGzJWNc02yURaOmIUlNSmgRcSc=,pEydZ7A5WUHDnqB+n5K/odFub1o=
-29,1,QXGzJWNc02yURaOmIUlNSmgRcSc=,pEydZ7A5WUHDnqB+n5K/odFub1o=
-28,1,QXGzJWNc02yURaOmIUlNSmgRcSc=,Epgpi7O845hdvKBRKqUX57vi2Do=
-21,0,8KGYcR2Ek/MZqQcyA41J9PoZ+vs=,MPssMH9JSPv8CDinY6OJiRK/DdY=
-20,0,8KGYcR2Ek/MZqQcyA41J9PoZ+vs=,rveQf1htLq50jNKC73XR5XIzZNg=
-30,0,8KGYcR2Ek/MZqQcyA41J9PoZ+vs=,pEydZ7A5WUHDnqB+n5K/odFub1o=
-32,2,8KGYcR2Ek/MZqQcyA41J9PoZ+vs=,YlWsguzMaSyjspRIFdQms0gNkEA=
-30,2,8KGYcR2Ek/MZqQcyA41J9PoZ+vs=,Ufw19t1AfdB6+envF0bAEdw9c1U=
-31,0,8KGYcR2Ek/MZqQcyA41J9PoZ+vs=,3StGF3PC7SnwF/ImJDJaA1i3Cas=
-31,2,8KGYcR2Ek/MZqQcyA41J9PoZ+vs=,YlWsguzMaSyjspRIFdQms0gNkEA=
-30,1,8KGYcR2Ek/MZqQcyA41J9PoZ+vs=,pEydZ7A5WUHDnqB+n5K/odFub1o=
-32,1,8KGYcR2Ek/MZqQcyA41J9PoZ+vs=,3StGF3PC7SnwF/ImJDJaA1i3Cas=
-31,1,8KGYcR2Ek/MZqQcyA41J9PoZ+vs=,3StGF3PC7SnwF/ImJDJaA1i3Cas=
-19,0,8KGYcR2Ek/MZqQcyA41J9PoZ+vs=,rveQf1htLq50jNKC73XR5XIzZNg=
-18,0,8KGYcR2Ek/MZqQcyA41J9PoZ+vs=,qa1u56dQUaxIwUcKQ5+G3Hb0LqQ=
-32,0,8KGYcR2Ek/MZqQcyA41J9PoZ+vs=,3StGF3PC7SnwF/ImJDJaA1i3Cas=
-17,0,8KGYcR2Ek/MZqQcyA41J9PoZ+vs=,qa1u56dQUaxIwUcKQ5+G3Hb0LqQ=
-32,5,8KGYcR2Ek/MZqQcyA41J9PoZ+vs=,AimPvIOnt9Sz/hltTmKWagTr1ms=
-30,5,8KGYcR2Ek/MZqQcyA41J9PoZ+vs=,BSOeE0drsjynlKNuIYLWV745wsc=
-32,8,8KGYcR2Ek/MZqQcyA41J9PoZ+vs=,D7/finBRmBYFGjsqCLuh78rKT0s=
-31,7,8KGYcR2Ek/MZqQcyA41J9PoZ+vs=,KxztCdgovv7uUlv1Fu0G9ygq5+0=
-31,8,8KGYcR2Ek/MZqQcyA41J9PoZ+vs=,D7/finBRmBYFGjsqCLuh78rKT0s=
-32,7,8KGYcR2Ek/MZqQcyA41J9PoZ+vs=,KxztCdgovv7uUlv1Fu0G9ygq5+0=
-31,5,8KGYcR2Ek/MZqQcyA41J9PoZ+vs=,AimPvIOnt9Sz/hltTmKWagTr1ms=
-32,6,8KGYcR2Ek/MZqQcyA41J9PoZ+vs=,KxztCdgovv7uUlv1Fu0G9ygq5+0=
-30,7,8KGYcR2Ek/MZqQcyA41J9PoZ+vs=,qjEwdBs5PYZCKqA6JFjgh8Qw+74=
-31,6,8KGYcR2Ek/MZqQcyA41J9PoZ+vs=,KxztCdgovv7uUlv1Fu0G9ygq5+0=
-30,8,8KGYcR2Ek/MZqQcyA41J9PoZ+vs=,zxLfqk0qty0n+xjUd4PNJbAjC64=
-30,6,8KGYcR2Ek/MZqQcyA41J9PoZ+vs=,qjEwdBs5PYZCKqA6JFjgh8Qw+74=
-22,0,jNjOelo3FtUp+kjmkINd7nX08pA=,MPssMH9JSPv8CDinY6OJiRK/DdY=
-22,2,jNjOelo3FtUp+kjmkINd7nX08pA=,T6T2Q7341zwamuiqmrX4tJ48V5A=
-24,1,jNjOelo3FtUp+kjmkINd7nX08pA=,SWWTP4CKt1IXW2z1Q4gGpLT8F8I=
-25,2,jNjOelo3FtUp+kjmkINd7nX08pA=,6tv6qvC4+SFUl/vhuu/teeJ7smY=
-22,1,jNjOelo3FtUp+kjmkINd7nX08pA=,MPssMH9JSPv8CDinY6OJiRK/DdY=
-23,1,jNjOelo3FtUp+kjmkINd7nX08pA=,SWWTP4CKt1IXW2z1Q4gGpLT8F8I=
-24,0,jNjOelo3FtUp+kjmkINd7nX08pA=,SWWTP4CKt1IXW2z1Q4gGpLT8F8I=
-25,1,jNjOelo3FtUp+kjmkINd7nX08pA=,lxuNwZkyf9qsZt3SqywILjv87yw=
-25,0,jNjOelo3FtUp+kjmkINd7nX08pA=,lxuNwZkyf9qsZt3SqywILjv87yw=
-24,2,jNjOelo3FtUp+kjmkINd7nX08pA=,mlZEjzJjhVVeK9Udgz1IH9sC4XE=
-23,0,jNjOelo3FtUp+kjmkINd7nX08pA=,SWWTP4CKt1IXW2z1Q4gGpLT8F8I=
-23,2,jNjOelo3FtUp+kjmkINd7nX08pA=,mlZEjzJjhVVeK9Udgz1IH9sC4XE=
-18,18,AUKPKb63ae1T7rpo7bcvtOTJTPE=,urgooqxTDhH+dtLDG5++v2jldac=
-19,18,AUKPKb63ae1T7rpo7bcvtOTJTPE=,rmfQkmBYQVSlo3SiRqSIVRU7HrA=
-18,17,AUKPKb63ae1T7rpo7bcvtOTJTPE=,WU8sIviQBVBabvDP/NrwtntzxOs=
-19,17,AUKPKb63ae1T7rpo7bcvtOTJTPE=,ElYMNYZKQUCRJp4fBrQ8a5Ay0+g=
-19,20,NS7uxRXZiMzn5TrCe0UcmWTMHAI=,bWvBywRJboaYSThJtiFP3481ZEU=
-18,19,NS7uxRXZiMzn5TrCe0UcmWTMHAI=,urgooqxTDhH+dtLDG5++v2jldac=
-18,20,NS7uxRXZiMzn5TrCe0UcmWTMHAI=,uLy3sqNw2Ivh1SeVHG96QYcVekY=
-19,19,NS7uxRXZiMzn5TrCe0UcmWTMHAI=,rmfQkmBYQVSlo3SiRqSIVRU7HrA=
-18,22,NS7uxRXZiMzn5TrCe0UcmWTMHAI=,PkALnPr2azJHt6qO17tIjWJVfkk=
-19,22,NS7uxRXZiMzn5TrCe0UcmWTMHAI=,E/++AMuXO2Se3Bnge7yVrbG9chM=
-18,21,NS7uxRXZiMzn5TrCe0UcmWTMHAI=,uLy3sqNw2Ivh1SeVHG96QYcVekY=
-19,21,iCYn79NR/s1cdMgoKvSwAWu+Efs=,bWvBywRJboaYSThJtiFP3481ZEU=
-18,24,DH6gf0/UIY4Lbm/p1CPZSbjcDYE=,muFeAa1Xi/WUANP36CggfL4tFFQ=
-18,23,DH6gf0/UIY4Lbm/p1CPZSbjcDYE=,PkALnPr2azJHt6qO17tIjWJVfkk=
-19,24,DH6gf0/UIY4Lbm/p1CPZSbjcDYE=,wKlip/nfEv9GJsyDR4N6HaKqe3s=
-19,23,DH6gf0/UIY4Lbm/p1CPZSbjcDYE=,E/++AMuXO2Se3Bnge7yVrbG9chM=
-18,26,DH6gf0/UIY4Lbm/p1CPZSbjcDYE=,vOweqD6gIwiLoKq0HU01CYeHbCY=
-19,26,DH6gf0/UIY4Lbm/p1CPZSbjcDYE=,MwUlL/Jh7IQL06PPjnpFeRe/CmI=
-18,25,DH6gf0/UIY4Lbm/p1CPZSbjcDYE=,muFeAa1Xi/WUANP36CggfL4tFFQ=
-19,25,DH6gf0/UIY4Lbm/p1CPZSbjcDYE=,wKlip/nfEv9GJsyDR4N6HaKqe3s=
-20,28,30cwEtt9GMyAotVYhwqbuaPmlFc=,H6E8lrwEuDYSsOCoeWWPX9l7KI0=
-21,27,30cwEtt9GMyAotVYhwqbuaPmlFc=,g8SFa2DntJXacusHsNbm+FnW3Eg=
-20,27,30cwEtt9GMyAotVYhwqbuaPmlFc=,MwUlL/Jh7IQL06PPjnpFeRe/CmI=
-21,28,30cwEtt9GMyAotVYhwqbuaPmlFc=,FFyls6vd1EduzixJTUQ+SDWhJO0=
-19,28,30cwEtt9GMyAotVYhwqbuaPmlFc=,H6E8lrwEuDYSsOCoeWWPX9l7KI0=
-18,28,30cwEtt9GMyAotVYhwqbuaPmlFc=,+W0Ond3AMMXiInusehOjx7TnIZ8=
-18,27,30cwEtt9GMyAotVYhwqbuaPmlFc=,vOweqD6gIwiLoKq0HU01CYeHbCY=
-19,27,30cwEtt9GMyAotVYhwqbuaPmlFc=,MwUlL/Jh7IQL06PPjnpFeRe/CmI=
-20,30,r7CPfUXOULnGpXd5nVfeke57Bac=,/WyYFlPX5WqUCJJlZ8CXIhXlF4o=
-20,29,r7CPfUXOULnGpXd5nVfeke57Bac=,H6E8lrwEuDYSsOCoeWWPX9l7KI0=
-21,29,r7CPfUXOULnGpXd5nVfeke57Bac=,FFyls6vd1EduzixJTUQ+SDWhJO0=
-21,30,r7CPfUXOULnGpXd5nVfeke57Bac=,c0fbIDCLAHOT7AM7QBc8wWpxVIk=
-18,30,r7CPfUXOULnGpXd5nVfeke57Bac=,g+pH63ZYSwR7nrFbP40zSkehsUg=
-18,29,r7CPfUXOULnGpXd5nVfeke57Bac=,+W0Ond3AMMXiInusehOjx7TnIZ8=
-19,30,r7CPfUXOULnGpXd5nVfeke57Bac=,/WyYFlPX5WqUCJJlZ8CXIhXlF4o=
-19,29,r7CPfUXOULnGpXd5nVfeke57Bac=,H6E8lrwEuDYSsOCoeWWPX9l7KI0=
-22,29,A/DLBoE9dKVtD3n86ZgFPx5i204=,FFyls6vd1EduzixJTUQ+SDWhJO0=
-22,30,A/DLBoE9dKVtD3n86ZgFPx5i204=,c0fbIDCLAHOT7AM7QBc8wWpxVIk=
-23,30,A/DLBoE9dKVtD3n86ZgFPx5i204=,edVslzN2OkDNjaseSiP+GWeFEyA=
-23,29,A/DLBoE9dKVtD3n86ZgFPx5i204=,OwxGxVwII7s/2yqdAVq0XIQswC0=
-22,28,A/DLBoE9dKVtD3n86ZgFPx5i204=,FFyls6vd1EduzixJTUQ+SDWhJO0=
-22,27,A/DLBoE9dKVtD3n86ZgFPx5i204=,g8SFa2DntJXacusHsNbm+FnW3Eg=
-23,28,A/DLBoE9dKVtD3n86ZgFPx5i204=,OwxGxVwII7s/2yqdAVq0XIQswC0=
-23,27,A/DLBoE9dKVtD3n86ZgFPx5i204=,rsk3w+Mw8PUByrg1khYV/g65uig=
-24,22,Omz8oUa3a/3Sfb/O1UYe/fJKBUc=,fi0yVQzUxfdfURU3RdUq27ytBAc=
-25,21,Omz8oUa3a/3Sfb/O1UYe/fJKBUc=,prLqLK19tz79eu43Wz+QRrsH3Bs=
-24,21,Omz8oUa3a/3Sfb/O1UYe/fJKBUc=,fg8WsZHs8LtE4MCwwaYyGyDD4O0=
-25,22,Omz8oUa3a/3Sfb/O1UYe/fJKBUc=,GDsNbmfZajp1g3xu5zgVG2UJPJo=
-22,22,sEz/4eycs7hFqqrNgW1gT0nKmeo=,WLSInb0Sut6ownV+v6ep+YN+MVk=
-20,22,sEz/4eycs7hFqqrNgW1gT0nKmeo=,E/++AMuXO2Se3Bnge7yVrbG9chM=
-23,22,sEz/4eycs7hFqqrNgW1gT0nKmeo=,fi0yVQzUxfdfURU3RdUq27ytBAc=
-21,22,sEz/4eycs7hFqqrNgW1gT0nKmeo=,WLSInb0Sut6ownV+v6ep+YN+MVk=
-20,21,sEz/4eycs7hFqqrNgW1gT0nKmeo=,bWvBywRJboaYSThJtiFP3481ZEU=
-21,21,sEz/4eycs7hFqqrNgW1gT0nKmeo=,N3DTEAe/sZJlxPYpgXVJXWUygW0=
-23,21,sEz/4eycs7hFqqrNgW1gT0nKmeo=,fg8WsZHs8LtE4MCwwaYyGyDD4O0=
-22,21,sEz/4eycs7hFqqrNgW1gT0nKmeo=,N3DTEAe/sZJlxPYpgXVJXWUygW0=
-26,21,k+0q/cJNglER0BCUkmlzHBLTW0M=,prLqLK19tz79eu43Wz+QRrsH3Bs=
-27,21,k+0q/cJNglER0BCUkmlzHBLTW0M=,4L56waonGd61cxtmp5JOZuqI6tM=
-27,22,k+0q/cJNglER0BCUkmlzHBLTW0M=,eB+FbTqgxqJ77vPVN7BNavw7tD8=
-26,22,k+0q/cJNglER0BCUkmlzHBLTW0M=,GDsNbmfZajp1g3xu5zgVG2UJPJo=
-28,24,YIsMEBPC5khbDU7rkCp0LDdSCQk=,a5DnvuyIJBzk7S25A5cqeNLm7Vo=
-28,21,YIsMEBPC5khbDU7rkCp0LDdSCQk=,4L56waonGd61cxtmp5JOZuqI6tM=
-29,24,YIsMEBPC5khbDU7rkCp0LDdSCQk=,Y7DSboZw+NO42qDDS5G8UUXbAgQ=
-28,23,YIsMEBPC5khbDU7rkCp0LDdSCQk=,eB+FbTqgxqJ77vPVN7BNavw7tD8=
-28,22,YIsMEBPC5khbDU7rkCp0LDdSCQk=,eB+FbTqgxqJ77vPVN7BNavw7tD8=
-29,23,YIsMEBPC5khbDU7rkCp0LDdSCQk=,yxMusTOqVQjb2F34lHGKU0+EygU=
-29,22,YIsMEBPC5khbDU7rkCp0LDdSCQk=,yxMusTOqVQjb2F34lHGKU0+EygU=
-29,21,YIsMEBPC5khbDU7rkCp0LDdSCQk=,Z8UHET5R+uo5AksWo03V59ceQfU=
-29,26,QW6phNkcUE2zIMMopnOxm4MUcYs=,lCevNJvA4RvZcU5PmerqoqaDRe4=
-28,25,QW6phNkcUE2zIMMopnOxm4MUcYs=,a5DnvuyIJBzk7S25A5cqeNLm7Vo=
-29,25,QW6phNkcUE2zIMMopnOxm4MUcYs=,Y7DSboZw+NO42qDDS5G8UUXbAgQ=
-28,26,QW6phNkcUE2zIMMopnOxm4MUcYs=,Iel3yBNC5EhLgxWPywSVrLhUa6k=
-30,24,QW6phNkcUE2zIMMopnOxm4MUcYs=,Y7DSboZw+NO42qDDS5G8UUXbAgQ=
-30,23,QW6phNkcUE2zIMMopnOxm4MUcYs=,yxMusTOqVQjb2F34lHGKU0+EygU=
-31,23,GOhrba3Zihca8ZZKCvPNiHxGoMM=,yjv/tgn1y6jfHoLLynY2Mssrsxs=
-31,24,GOhrba3Zihca8ZZKCvPNiHxGoMM=,Oj/r6xBCrevf3LtYBgYPNQxS99E=
-30,26,GOhrba3Zihca8ZZKCvPNiHxGoMM=,lCevNJvA4RvZcU5PmerqoqaDRe4=
-30,25,GOhrba3Zihca8ZZKCvPNiHxGoMM=,Y7DSboZw+NO42qDDS5G8UUXbAgQ=
-31,25,GOhrba3Zihca8ZZKCvPNiHxGoMM=,Oj/r6xBCrevf3LtYBgYPNQxS99E=
-31,26,GOhrba3Zihca8ZZKCvPNiHxGoMM=,KN/0kFyxA78Y10pRkhTwZpw/DEY=
-28,28,7kE8faNAuj7f2yK8KA+ZUrwunfI=,8lTPRiSXNIlspI/HtkpBot+lnT4=
-28,27,7kE8faNAuj7f2yK8KA+ZUrwunfI=,Iel3yBNC5EhLgxWPywSVrLhUa6k=
-29,28,7kE8faNAuj7f2yK8KA+ZUrwunfI=,mlNjY/yY9B66eUXhVD6HbquXoVg=
-29,27,7kE8faNAuj7f2yK8KA+ZUrwunfI=,lCevNJvA4RvZcU5PmerqoqaDRe4=
-30,27,7kE8faNAuj7f2yK8KA+ZUrwunfI=,lCevNJvA4RvZcU5PmerqoqaDRe4=
-30,28,7kE8faNAuj7f2yK8KA+ZUrwunfI=,mlNjY/yY9B66eUXhVD6HbquXoVg=
-31,28,7kE8faNAuj7f2yK8KA+ZUrwunfI=,PfaK8T9Ige4TnRyndoxkzHoR0fs=
-31,27,7kE8faNAuj7f2yK8KA+ZUrwunfI=,KN/0kFyxA78Y10pRkhTwZpw/DEY=
-29,30,Cz2r/DQTTT7nHwNRycIzpqHZmng=,y9WZju6ynN5NGYyzXgeaknPCaIg=
-28,29,Cz2r/DQTTT7nHwNRycIzpqHZmng=,8lTPRiSXNIlspI/HtkpBot+lnT4=
-28,30,Cz2r/DQTTT7nHwNRycIzpqHZmng=,lKR2MVuLQATdlOGMbjOsh4a+xUQ=
-29,29,Cz2r/DQTTT7nHwNRycIzpqHZmng=,mlNjY/yY9B66eUXhVD6HbquXoVg=
-30,30,Cz2r/DQTTT7nHwNRycIzpqHZmng=,y9WZju6ynN5NGYyzXgeaknPCaIg=
-31,30,Cz2r/DQTTT7nHwNRycIzpqHZmng=,I6wLYADvXq9saB54NCojLg0e8Is=
-30,29,Cz2r/DQTTT7nHwNRycIzpqHZmng=,mlNjY/yY9B66eUXhVD6HbquXoVg=
-31,29,Cz2r/DQTTT7nHwNRycIzpqHZmng=,PfaK8T9Ige4TnRyndoxkzHoR0fs=
-26,30,Cz2r/DQTTT7nHwNRycIzpqHZmng=,WGWikFkIuHzkLgD3/QtnB8PqkaU=
-27,29,Cz2r/DQTTT7nHwNRycIzpqHZmng=,8lTPRiSXNIlspI/HtkpBot+lnT4=
-24,30,Cz2r/DQTTT7nHwNRycIzpqHZmng=,edVslzN2OkDNjaseSiP+GWeFEyA=
-25,30,Cz2r/DQTTT7nHwNRycIzpqHZmng=,WGWikFkIuHzkLgD3/QtnB8PqkaU=
-26,29,Cz2r/DQTTT7nHwNRycIzpqHZmng=,i/sOf9Tf9Eb2NXIuZQluDT75NEU=
-25,29,Cz2r/DQTTT7nHwNRycIzpqHZmng=,i/sOf9Tf9Eb2NXIuZQluDT75NEU=
-24,29,Cz2r/DQTTT7nHwNRycIzpqHZmng=,OwxGxVwII7s/2yqdAVq0XIQswC0=
-27,30,Cz2r/DQTTT7nHwNRycIzpqHZmng=,lKR2MVuLQATdlOGMbjOsh4a+xUQ=
-24,31,Cz2r/DQTTT7nHwNRycIzpqHZmng=,edVslzN2OkDNjaseSiP+GWeFEyA=
-25,31,Cz2r/DQTTT7nHwNRycIzpqHZmng=,WGWikFkIuHzkLgD3/QtnB8PqkaU=
-22,31,Cz2r/DQTTT7nHwNRycIzpqHZmng=,c0fbIDCLAHOT7AM7QBc8wWpxVIk=
-23,31,Cz2r/DQTTT7nHwNRycIzpqHZmng=,edVslzN2OkDNjaseSiP+GWeFEyA=
-20,31,Cz2r/DQTTT7nHwNRycIzpqHZmng=,/WyYFlPX5WqUCJJlZ8CXIhXlF4o=
-21,31,zWaVeEWBixsJh+sufQmEaJU9qEw=,c0fbIDCLAHOT7AM7QBc8wWpxVIk=
-18,31,zWaVeEWBixsJh+sufQmEaJU9qEw=,g+pH63ZYSwR7nrFbP40zSkehsUg=
-19,31,zWaVeEWBixsJh+sufQmEaJU9qEw=,/WyYFlPX5WqUCJJlZ8CXIhXlF4o=
-17,30,zWaVeEWBixsJh+sufQmEaJU9qEw=,g+pH63ZYSwR7nrFbP40zSkehsUg=
-17,29,zWaVeEWBixsJh+sufQmEaJU9qEw=,+W0Ond3AMMXiInusehOjx7TnIZ8=
-17,28,zWaVeEWBixsJh+sufQmEaJU9qEw=,+W0Ond3AMMXiInusehOjx7TnIZ8=
-17,27,zWaVeEWBixsJh+sufQmEaJU9qEw=,vOweqD6gIwiLoKq0HU01CYeHbCY=
-17,26,zWaVeEWBixsJh+sufQmEaJU9qEw=,vOweqD6gIwiLoKq0HU01CYeHbCY=
-17,25,zWaVeEWBixsJh+sufQmEaJU9qEw=,muFeAa1Xi/WUANP36CggfL4tFFQ=
-17,24,zWaVeEWBixsJh+sufQmEaJU9qEw=,muFeAa1Xi/WUANP36CggfL4tFFQ=
-17,23,zWaVeEWBixsJh+sufQmEaJU9qEw=,PkALnPr2azJHt6qO17tIjWJVfkk=
-17,22,zWaVeEWBixsJh+sufQmEaJU9qEw=,PkALnPr2azJHt6qO17tIjWJVfkk=
-17,20,zWaVeEWBixsJh+sufQmEaJU9qEw=,uLy3sqNw2Ivh1SeVHG96QYcVekY=
-17,19,zWaVeEWBixsJh+sufQmEaJU9qEw=,urgooqxTDhH+dtLDG5++v2jldac=
-17,21,zWaVeEWBixsJh+sufQmEaJU9qEw=,uLy3sqNw2Ivh1SeVHG96QYcVekY=
-17,18,zWaVeEWBixsJh+sufQmEaJU9qEw=,urgooqxTDhH+dtLDG5++v2jldac=
-17,17,zWaVeEWBixsJh+sufQmEaJU9qEw=,WU8sIviQBVBabvDP/NrwtntzxOs=
-18,16,jQLWJomigGjuivEVrnXUNG02Lss=,WU8sIviQBVBabvDP/NrwtntzxOs=
-19,16,jQLWJomigGjuivEVrnXUNG02Lss=,ElYMNYZKQUCRJp4fBrQ8a5Ay0+g=
-26,28,nT+F0/CJAlyWxImTLawzL+H3uOE=,i/sOf9Tf9Eb2NXIuZQluDT75NEU=
-27,28,nT+F0/CJAlyWxImTLawzL+H3uOE=,8lTPRiSXNIlspI/HtkpBot+lnT4=
-24,28,nT+F0/CJAlyWxImTLawzL+H3uOE=,OwxGxVwII7s/2yqdAVq0XIQswC0=
-25,28,nT+F0/CJAlyWxImTLawzL+H3uOE=,i/sOf9Tf9Eb2NXIuZQluDT75NEU=
-24,27,nT+F0/CJAlyWxImTLawzL+H3uOE=,rsk3w+Mw8PUByrg1khYV/g65uig=
-27,27,nT+F0/CJAlyWxImTLawzL+H3uOE=,Iel3yBNC5EhLgxWPywSVrLhUa6k=
-26,27,nT+F0/CJAlyWxImTLawzL+H3uOE=,HxeWthmNAwq10JX8Pb1wsieqzMM=
-25,27,nT+F0/CJAlyWxImTLawzL+H3uOE=,HxeWthmNAwq10JX8Pb1wsieqzMM=
-26,26,Vuqc2FePMgIvrKunTqY+XuwiFxY=,HxeWthmNAwq10JX8Pb1wsieqzMM=
-24,26,Vuqc2FePMgIvrKunTqY+XuwiFxY=,rsk3w+Mw8PUByrg1khYV/g65uig=
-24,24,Vuqc2FePMgIvrKunTqY+XuwiFxY=,AsUVZCMQz/ndjAY5YSGl3LApvlE=
-27,26,Vuqc2FePMgIvrKunTqY+XuwiFxY=,Iel3yBNC5EhLgxWPywSVrLhUa6k=
-26,24,Vuqc2FePMgIvrKunTqY+XuwiFxY=,MqCtDQB5zdCKm7qJhcr8EwlLtac=
-27,24,Vuqc2FePMgIvrKunTqY+XuwiFxY=,a5DnvuyIJBzk7S25A5cqeNLm7Vo=
-24,23,Vuqc2FePMgIvrKunTqY+XuwiFxY=,fi0yVQzUxfdfURU3RdUq27ytBAc=
-26,23,Vuqc2FePMgIvrKunTqY+XuwiFxY=,GDsNbmfZajp1g3xu5zgVG2UJPJo=
-27,23,Vuqc2FePMgIvrKunTqY+XuwiFxY=,eB+FbTqgxqJ77vPVN7BNavw7tD8=
-25,24,Vuqc2FePMgIvrKunTqY+XuwiFxY=,MqCtDQB5zdCKm7qJhcr8EwlLtac=
-25,23,Vuqc2FePMgIvrKunTqY+XuwiFxY=,GDsNbmfZajp1g3xu5zgVG2UJPJo=
-26,25,Vuqc2FePMgIvrKunTqY+XuwiFxY=,MqCtDQB5zdCKm7qJhcr8EwlLtac=
-25,26,Vuqc2FePMgIvrKunTqY+XuwiFxY=,HxeWthmNAwq10JX8Pb1wsieqzMM=
-27,25,Vuqc2FePMgIvrKunTqY+XuwiFxY=,a5DnvuyIJBzk7S25A5cqeNLm7Vo=
-25,25,Vuqc2FePMgIvrKunTqY+XuwiFxY=,MqCtDQB5zdCKm7qJhcr8EwlLtac=
-24,25,Vuqc2FePMgIvrKunTqY+XuwiFxY=,AsUVZCMQz/ndjAY5YSGl3LApvlE=
-20,20,rIP8HJDG04zSooKdmBFHC+2ad9s=,bWvBywRJboaYSThJtiFP3481ZEU=
-21,17,rIP8HJDG04zSooKdmBFHC+2ad9s=,YixyxkxxJe1OxO+2hn1Ksorw5kM=
-20,18,rIP8HJDG04zSooKdmBFHC+2ad9s=,rmfQkmBYQVSlo3SiRqSIVRU7HrA=
-21,18,rIP8HJDG04zSooKdmBFHC+2ad9s=,kJeMuZbLVzyG7nKR/hxRG6pZxgM=
-21,20,rIP8HJDG04zSooKdmBFHC+2ad9s=,N3DTEAe/sZJlxPYpgXVJXWUygW0=
-20,19,rIP8HJDG04zSooKdmBFHC+2ad9s=,rmfQkmBYQVSlo3SiRqSIVRU7HrA=
-20,17,rIP8HJDG04zSooKdmBFHC+2ad9s=,ElYMNYZKQUCRJp4fBrQ8a5Ay0+g=
-21,19,rIP8HJDG04zSooKdmBFHC+2ad9s=,kJeMuZbLVzyG7nKR/hxRG6pZxgM=
-23,20,kurWgHBcSMLXkkblUEv7SLOb2kU=,fg8WsZHs8LtE4MCwwaYyGyDD4O0=
-22,19,kurWgHBcSMLXkkblUEv7SLOb2kU=,kJeMuZbLVzyG7nKR/hxRG6pZxgM=
-22,20,kurWgHBcSMLXkkblUEv7SLOb2kU=,N3DTEAe/sZJlxPYpgXVJXWUygW0=
-23,19,kurWgHBcSMLXkkblUEv7SLOb2kU=,XhzCaJHam6dYj6eEFDsVSa+VlvM=
-23,17,bOtZci2ODJeXN3SpODkOdgxLzyY=,OSqrOfFpeJk/7R+w5KxzjxlZFhc=
-22,17,bOtZci2ODJeXN3SpODkOdgxLzyY=,YixyxkxxJe1OxO+2hn1Ksorw5kM=
-22,18,bOtZci2ODJeXN3SpODkOdgxLzyY=,kJeMuZbLVzyG7nKR/hxRG6pZxgM=
-23,18,bOtZci2ODJeXN3SpODkOdgxLzyY=,XhzCaJHam6dYj6eEFDsVSa+VlvM=
-25,17,kK8fnU8DCeL9TI6nda6YoJ6vTog=,qXz+KSRS7WOrDe7mTR2G/xmNjVA=
-24,17,kK8fnU8DCeL9TI6nda6YoJ6vTog=,OSqrOfFpeJk/7R+w5KxzjxlZFhc=
-24,19,kK8fnU8DCeL9TI6nda6YoJ6vTog=,XhzCaJHam6dYj6eEFDsVSa+VlvM=
-25,18,kK8fnU8DCeL9TI6nda6YoJ6vTog=,LVJzXqKqGqQLyDEzt/KKhfNkdLY=
-25,19,kK8fnU8DCeL9TI6nda6YoJ6vTog=,LVJzXqKqGqQLyDEzt/KKhfNkdLY=
-24,20,kK8fnU8DCeL9TI6nda6YoJ6vTog=,fg8WsZHs8LtE4MCwwaYyGyDD4O0=
-25,20,kK8fnU8DCeL9TI6nda6YoJ6vTog=,prLqLK19tz79eu43Wz+QRrsH3Bs=
-24,18,kK8fnU8DCeL9TI6nda6YoJ6vTog=,XhzCaJHam6dYj6eEFDsVSa+VlvM=
-26,19,t0T0m2GY2Wtv/zZloe6kmEGaUKk=,LVJzXqKqGqQLyDEzt/KKhfNkdLY=
-27,20,t0T0m2GY2Wtv/zZloe6kmEGaUKk=,4L56waonGd61cxtmp5JOZuqI6tM=
-26,20,t0T0m2GY2Wtv/zZloe6kmEGaUKk=,prLqLK19tz79eu43Wz+QRrsH3Bs=
-27,19,t0T0m2GY2Wtv/zZloe6kmEGaUKk=,r1/88uG3xYm+hA/iYFgz+M3znlo=
-27,17,t0T0m2GY2Wtv/zZloe6kmEGaUKk=,3L7vnw05OkrbfsbnY/wCxEUaBbg=
-26,17,t0T0m2GY2Wtv/zZloe6kmEGaUKk=,qXz+KSRS7WOrDe7mTR2G/xmNjVA=
-27,18,t0T0m2GY2Wtv/zZloe6kmEGaUKk=,r1/88uG3xYm+hA/iYFgz+M3znlo=
-26,18,t0T0m2GY2Wtv/zZloe6kmEGaUKk=,LVJzXqKqGqQLyDEzt/KKhfNkdLY=
-29,19,YxKpHNCB6tMOmZGm/EpHh45UdJY=,ZfTHpDGv54X2EXN5sqXPMjDfjYQ=
-28,19,JtaSsYZijH5SZ4mIwqoBS3tn858=,r1/88uG3xYm+hA/iYFgz+M3znlo=
-28,20,JtaSsYZijH5SZ4mIwqoBS3tn858=,4L56waonGd61cxtmp5JOZuqI6tM=
-29,20,JtaSsYZijH5SZ4mIwqoBS3tn858=,Z8UHET5R+uo5AksWo03V59ceQfU=
-29,18,JtaSsYZijH5SZ4mIwqoBS3tn858=,ZfTHpDGv54X2EXN5sqXPMjDfjYQ=
-29,17,JtaSsYZijH5SZ4mIwqoBS3tn858=,SPMzT6LmDq+ePEOsDjQ6aqgIrJY=
-28,18,JtaSsYZijH5SZ4mIwqoBS3tn858=,r1/88uG3xYm+hA/iYFgz+M3znlo=
-28,17,JtaSsYZijH5SZ4mIwqoBS3tn858=,3L7vnw05OkrbfsbnY/wCxEUaBbg=
-32,23,mc1vEV61Ms6gdQhIQiqzobZ7hIA=,yjv/tgn1y6jfHoLLynY2Mssrsxs=
-32,24,mc1vEV61Ms6gdQhIQiqzobZ7hIA=,Oj/r6xBCrevf3LtYBgYPNQxS99E=
-32,25,pxqISvRpq7lTK6I104MEks4aeSk=,Oj/r6xBCrevf3LtYBgYPNQxS99E=
-32,26,pxqISvRpq7lTK6I104MEks4aeSk=,KN/0kFyxA78Y10pRkhTwZpw/DEY=
-32,27,pxqISvRpq7lTK6I104MEks4aeSk=,KN/0kFyxA78Y10pRkhTwZpw/DEY=
-32,28,pxqISvRpq7lTK6I104MEks4aeSk=,PfaK8T9Ige4TnRyndoxkzHoR0fs=
-32,30,pxqISvRpq7lTK6I104MEks4aeSk=,I6wLYADvXq9saB54NCojLg0e8Is=
-32,29,pxqISvRpq7lTK6I104MEks4aeSk=,PfaK8T9Ige4TnRyndoxkzHoR0fs=
-29,16,pxqISvRpq7lTK6I104MEks4aeSk=,SPMzT6LmDq+ePEOsDjQ6aqgIrJY=
-28,16,pxqISvRpq7lTK6I104MEks4aeSk=,3L7vnw05OkrbfsbnY/wCxEUaBbg=
-27,16,bLl5b8repp9c8kevVCZNM6d7HgM=,3L7vnw05OkrbfsbnY/wCxEUaBbg=
-26,16,bLl5b8repp9c8kevVCZNM6d7HgM=,qXz+KSRS7WOrDe7mTR2G/xmNjVA=
-25,16,bLl5b8repp9c8kevVCZNM6d7HgM=,qXz+KSRS7WOrDe7mTR2G/xmNjVA=
-24,16,bLl5b8repp9c8kevVCZNM6d7HgM=,OSqrOfFpeJk/7R+w5KxzjxlZFhc=
-20,16,GepM0KDVu7rxPcHxISG2CUAxZCQ=,ElYMNYZKQUCRJp4fBrQ8a5Ay0+g=
-21,16,GepM0KDVu7rxPcHxISG2CUAxZCQ=,YixyxkxxJe1OxO+2hn1Ksorw5kM=
-22,16,GepM0KDVu7rxPcHxISG2CUAxZCQ=,YixyxkxxJe1OxO+2hn1Ksorw5kM=
-23,16,GepM0KDVu7rxPcHxISG2CUAxZCQ=,OSqrOfFpeJk/7R+w5KxzjxlZFhc=
-27,31,TL6drSF8+jHNqFQbQRBZ3np0HaE=,lKR2MVuLQATdlOGMbjOsh4a+xUQ=
-26,31,TL6drSF8+jHNqFQbQRBZ3np0HaE=,WGWikFkIuHzkLgD3/QtnB8PqkaU=
-28,31,rlajLLNWhqe1AsWvDn+lZAylyC4=,lKR2MVuLQATdlOGMbjOsh4a+xUQ=
-29,31,rlajLLNWhqe1AsWvDn+lZAylyC4=,y9WZju6ynN5NGYyzXgeaknPCaIg=
-30,31,rlajLLNWhqe1AsWvDn+lZAylyC4=,y9WZju6ynN5NGYyzXgeaknPCaIg=
-31,31,rlajLLNWhqe1AsWvDn+lZAylyC4=,I6wLYADvXq9saB54NCojLg0e8Is=
-32,31,rlajLLNWhqe1AsWvDn+lZAylyC4=,I6wLYADvXq9saB54NCojLg0e8Is=
-17,31,rlajLLNWhqe1AsWvDn+lZAylyC4=,g+pH63ZYSwR7nrFbP40zSkehsUg=
-17,16,rlajLLNWhqe1AsWvDn+lZAylyC4=,WU8sIviQBVBabvDP/NrwtntzxOs=
-30,17,J31AOtJE19o5OIDuhG7sC95RWHQ=,SPMzT6LmDq+ePEOsDjQ6aqgIrJY=
-32,17,J31AOtJE19o5OIDuhG7sC95RWHQ=,zJFuenBwoVbDy9xJ416h1FrAV8M=
-32,16,J31AOtJE19o5OIDuhG7sC95RWHQ=,zJFuenBwoVbDy9xJ416h1FrAV8M=
-31,16,J31AOtJE19o5OIDuhG7sC95RWHQ=,zJFuenBwoVbDy9xJ416h1FrAV8M=
-30,16,J31AOtJE19o5OIDuhG7sC95RWHQ=,SPMzT6LmDq+ePEOsDjQ6aqgIrJY=
-30,18,J31AOtJE19o5OIDuhG7sC95RWHQ=,ZfTHpDGv54X2EXN5sqXPMjDfjYQ=
-31,17,J31AOtJE19o5OIDuhG7sC95RWHQ=,zJFuenBwoVbDy9xJ416h1FrAV8M=
-32,18,J31AOtJE19o5OIDuhG7sC95RWHQ=,APxwRAWpPDqEgQI7I8ucS9IaUp4=
-31,18,J31AOtJE19o5OIDuhG7sC95RWHQ=,APxwRAWpPDqEgQI7I8ucS9IaUp4=
-32,19,JwcmCKSAcHY7uIXgb7+CrirqraY=,APxwRAWpPDqEgQI7I8ucS9IaUp4=
-31,19,JwcmCKSAcHY7uIXgb7+CrirqraY=,APxwRAWpPDqEgQI7I8ucS9IaUp4=
-31,20,GHOc5lGxgdoKcISYjaAjakCetZ4=,mZ/B+bQv0JMQBmfy8lIjJx/CLiY=
-30,19,GHOc5lGxgdoKcISYjaAjakCetZ4=,ZfTHpDGv54X2EXN5sqXPMjDfjYQ=
-32,21,GHOc5lGxgdoKcISYjaAjakCetZ4=,mZ/B+bQv0JMQBmfy8lIjJx/CLiY=
-30,21,GHOc5lGxgdoKcISYjaAjakCetZ4=,Z8UHET5R+uo5AksWo03V59ceQfU=
-32,20,GHOc5lGxgdoKcISYjaAjakCetZ4=,mZ/B+bQv0JMQBmfy8lIjJx/CLiY=
-31,21,GHOc5lGxgdoKcISYjaAjakCetZ4=,mZ/B+bQv0JMQBmfy8lIjJx/CLiY=
-32,22,GHOc5lGxgdoKcISYjaAjakCetZ4=,yjv/tgn1y6jfHoLLynY2Mssrsxs=
-30,22,GHOc5lGxgdoKcISYjaAjakCetZ4=,yxMusTOqVQjb2F34lHGKU0+EygU=
-30,20,GHOc5lGxgdoKcISYjaAjakCetZ4=,Z8UHET5R+uo5AksWo03V59ceQfU=
-31,22,GHOc5lGxgdoKcISYjaAjakCetZ4=,yjv/tgn1y6jfHoLLynY2Mssrsxs=
-20,26,zAlm7PxGKKKACNyCkC2MaZEctMw=,MwUlL/Jh7IQL06PPjnpFeRe/CmI=
-23,23,zAlm7PxGKKKACNyCkC2MaZEctMw=,fi0yVQzUxfdfURU3RdUq27ytBAc=
-23,25,zAlm7PxGKKKACNyCkC2MaZEctMw=,AsUVZCMQz/ndjAY5YSGl3LApvlE=
-21,25,zAlm7PxGKKKACNyCkC2MaZEctMw=,37lhEyQoHKIO2rt6X8RFhVbQVWI=
-22,24,zAlm7PxGKKKACNyCkC2MaZEctMw=,37lhEyQoHKIO2rt6X8RFhVbQVWI=
-21,24,zAlm7PxGKKKACNyCkC2MaZEctMw=,37lhEyQoHKIO2rt6X8RFhVbQVWI=
-20,25,zAlm7PxGKKKACNyCkC2MaZEctMw=,wKlip/nfEv9GJsyDR4N6HaKqe3s=
-22,25,zAlm7PxGKKKACNyCkC2MaZEctMw=,37lhEyQoHKIO2rt6X8RFhVbQVWI=
-21,26,zAlm7PxGKKKACNyCkC2MaZEctMw=,g8SFa2DntJXacusHsNbm+FnW3Eg=
-21,23,zAlm7PxGKKKACNyCkC2MaZEctMw=,WLSInb0Sut6ownV+v6ep+YN+MVk=
-22,23,zAlm7PxGKKKACNyCkC2MaZEctMw=,WLSInb0Sut6ownV+v6ep+YN+MVk=
-22,26,zAlm7PxGKKKACNyCkC2MaZEctMw=,g8SFa2DntJXacusHsNbm+FnW3Eg=
-20,24,zAlm7PxGKKKACNyCkC2MaZEctMw=,wKlip/nfEv9GJsyDR4N6HaKqe3s=
-23,26,zAlm7PxGKKKACNyCkC2MaZEctMw=,rsk3w+Mw8PUByrg1khYV/g65uig=
-23,24,zAlm7PxGKKKACNyCkC2MaZEctMw=,AsUVZCMQz/ndjAY5YSGl3LApvlE=
-20,23,zAlm7PxGKKKACNyCkC2MaZEctMw=,E/++AMuXO2Se3Bnge7yVrbG9chM=
-10,28,kERxtURbgh8PIHqgnjOf7mUOz7E=,KA+TZNWBlZRVVrWdM3jEWM+grWA=
-10,27,kERxtURbgh8PIHqgnjOf7mUOz7E=,ejzpHSZCnodximXLAtSWaJHBRs0=
-11,28,kERxtURbgh8PIHqgnjOf7mUOz7E=,eacxO+wh+3S/j3WGllyeKTs1P4g=
-11,27,kERxtURbgh8PIHqgnjOf7mUOz7E=,iaoUZUdTfvLmZQzQsCp7bT1XX2w=
-9,28,g+nae1e0JDbVHmQfKKKQfPRCEYw=,KA+TZNWBlZRVVrWdM3jEWM+grWA=
-9,27,g+nae1e0JDbVHmQfKKKQfPRCEYw=,ejzpHSZCnodximXLAtSWaJHBRs0=
-8,27,g+nae1e0JDbVHmQfKKKQfPRCEYw=,wGr73fXXO3HV3uY1lHQ4Y9wpD9g=
-8,28,g+nae1e0JDbVHmQfKKKQfPRCEYw=,21QY6p/rRNg6m8OOhrxXUfco96k=
-6,27,g+nae1e0JDbVHmQfKKKQfPRCEYw=,Bvr6TohgKeSlPGNoT3uaOmIRzSk=
-6,28,g+nae1e0JDbVHmQfKKKQfPRCEYw=,Pl1g4h+zsqGcPiss6WrNcKW8V44=
-7,28,g+nae1e0JDbVHmQfKKKQfPRCEYw=,21QY6p/rRNg6m8OOhrxXUfco96k=
-7,27,g+nae1e0JDbVHmQfKKKQfPRCEYw=,wGr73fXXO3HV3uY1lHQ4Y9wpD9g=
-6,26,PaJWBtkgRzMdAoA9mz7cuneu07k=,Bvr6TohgKeSlPGNoT3uaOmIRzSk=
-7,26,9tdFAEvreAKpGXUsdnM4lTykzhM=,wGr73fXXO3HV3uY1lHQ4Y9wpD9g=
-7,25,9tdFAEvreAKpGXUsdnM4lTykzhM=,llLXS0zcrhl09yNgn7EU6hyQIyU=
-6,25,9tdFAEvreAKpGXUsdnM4lTykzhM=,pdxtaT6T6x2fz3ncuABJ8p21oL8=
-4,26,9tdFAEvreAKpGXUsdnM4lTykzhM=,kk3BYUZfaH8XnvF6a2THrYnW7l4=
-5,26,9tdFAEvreAKpGXUsdnM4lTykzhM=,Bvr6TohgKeSlPGNoT3uaOmIRzSk=
-5,25,9tdFAEvreAKpGXUsdnM4lTykzhM=,pdxtaT6T6x2fz3ncuABJ8p21oL8=
-4,25,9tdFAEvreAKpGXUsdnM4lTykzhM=,Yk1TzZLE+nuu0JMsWl1FGgmH89w=
-3,25,4zn7PeDetk1exvh4+XC94PEn/xQ=,Yk1TzZLE+nuu0JMsWl1FGgmH89w=
-2,25,4zn7PeDetk1exvh4+XC94PEn/xQ=,v+Gv5YGCDza/q8QbqSq6YumwKGc=
-3,26,4zn7PeDetk1exvh4+XC94PEn/xQ=,kk3BYUZfaH8XnvF6a2THrYnW7l4=
-2,26,4zn7PeDetk1exvh4+XC94PEn/xQ=,OWCj69NAdr1Mp3TJ5mPGrAs2yWM=
-3,24,4zn7PeDetk1exvh4+XC94PEn/xQ=,Yk1TzZLE+nuu0JMsWl1FGgmH89w=
-3,23,4zn7PeDetk1exvh4+XC94PEn/xQ=,6wUrAdCeXSQ34651KtgiNBdl4mk=
-2,24,4zn7PeDetk1exvh4+XC94PEn/xQ=,v+Gv5YGCDza/q8QbqSq6YumwKGc=
-2,23,4zn7PeDetk1exvh4+XC94PEn/xQ=,cRAK4liuP1t93G+hER9tayoX0Kg=
-3,21,31Dx7NaRSOqqfKHRD+VDD+QkZbg=,2iq6V6GWg9JiHQs7JrcuxvBMSTM=
-2,21,31Dx7NaRSOqqfKHRD+VDD+QkZbg=,1i6jud7vm3s23B5QGtU5wku/CMI=
-3,22,31Dx7NaRSOqqfKHRD+VDD+QkZbg=,6wUrAdCeXSQ34651KtgiNBdl4mk=
-2,22,31Dx7NaRSOqqfKHRD+VDD+QkZbg=,cRAK4liuP1t93G+hER9tayoX0Kg=
-3,19,ITmGrF3n4epB5lFHHBlfV02QmsQ=,RMibhnb1DGMBxicjybg2aR7FgRg=
-2,20,ITmGrF3n4epB5lFHHBlfV02QmsQ=,1i6jud7vm3s23B5QGtU5wku/CMI=
-3,20,ITmGrF3n4epB5lFHHBlfV02QmsQ=,2iq6V6GWg9JiHQs7JrcuxvBMSTM=
-2,19,ITmGrF3n4epB5lFHHBlfV02QmsQ=,gIioLhwJe/WD8H/znWm+CIfG9Go=
-4,18,jn6ZNzqsDkDvQZxLx+FMB5fEo0o=,RMibhnb1DGMBxicjybg2aR7FgRg=
-4,17,jn6ZNzqsDkDvQZxLx+FMB5fEo0o=,MF0vRs5gAQPq685CLjinvzobX7w=
-5,18,jn6ZNzqsDkDvQZxLx+FMB5fEo0o=,5oT32Mi2J3HlDX5PrbzNqH0pTtw=
-5,17,jn6ZNzqsDkDvQZxLx+FMB5fEo0o=,gmhpfMz29H6PWemo53H0nQ6wcvw=
-7,18,ogkk9NiMEV8Vy5HunzJL67bLkX0=,Evq8b3ZhXwc+C2urLsedUK6qu1E=
-7,17,ogkk9NiMEV8Vy5HunzJL67bLkX0=,wR8ehzv9M0pOc6hsdn5ruo24nkk=
-6,18,ogkk9NiMEV8Vy5HunzJL67bLkX0=,5oT32Mi2J3HlDX5PrbzNqH0pTtw=
-6,17,ogkk9NiMEV8Vy5HunzJL67bLkX0=,gmhpfMz29H6PWemo53H0nQ6wcvw=
-4,20,6QY3tzV6MKygBahavv+HUmBM0kw=,2iq6V6GWg9JiHQs7JrcuxvBMSTM=
-6,19,6QY3tzV6MKygBahavv+HUmBM0kw=,5oT32Mi2J3HlDX5PrbzNqH0pTtw=
-7,20,6QY3tzV6MKygBahavv+HUmBM0kw=,4Cb/EFZC7magfBTesAX2Wdd4XNc=
-6,20,6QY3tzV6MKygBahavv+HUmBM0kw=,b4cFThP0Va33oqAjOlnT4ecn6Go=
-5,20,6QY3tzV6MKygBahavv+HUmBM0kw=,b4cFThP0Va33oqAjOlnT4ecn6Go=
-4,19,6QY3tzV6MKygBahavv+HUmBM0kw=,RMibhnb1DGMBxicjybg2aR7FgRg=
-7,19,6QY3tzV6MKygBahavv+HUmBM0kw=,Evq8b3ZhXwc+C2urLsedUK6qu1E=
-5,19,6QY3tzV6MKygBahavv+HUmBM0kw=,5oT32Mi2J3HlDX5PrbzNqH0pTtw=
-8,20,FVIiVWy7XvKzY9HzCrMUhgkD5CA=,4Cb/EFZC7magfBTesAX2Wdd4XNc=
-9,20,FVIiVWy7XvKzY9HzCrMUhgkD5CA=,zg2sgSEUYJ5XIUxt5+ADqZVcZkk=
-8,19,FVIiVWy7XvKzY9HzCrMUhgkD5CA=,Evq8b3ZhXwc+C2urLsedUK6qu1E=
-9,19,FVIiVWy7XvKzY9HzCrMUhgkD5CA=,E6GzC9EabwifcXc6Iwx6c2v3PCY=
-8,18,FVIiVWy7XvKzY9HzCrMUhgkD5CA=,Evq8b3ZhXwc+C2urLsedUK6qu1E=
-8,17,FVIiVWy7XvKzY9HzCrMUhgkD5CA=,wR8ehzv9M0pOc6hsdn5ruo24nkk=
-9,17,FVIiVWy7XvKzY9HzCrMUhgkD5CA=,IeHQKMGUREZ11r/E77FoKTOdnV0=
-9,18,FVIiVWy7XvKzY9HzCrMUhgkD5CA=,E6GzC9EabwifcXc6Iwx6c2v3PCY=
-10,20,aOixbyWnWoD6z5sc+MBpBJSWYXo=,zg2sgSEUYJ5XIUxt5+ADqZVcZkk=
-11,20,aOixbyWnWoD6z5sc+MBpBJSWYXo=,mbpINtN7AS7KzcHwv66OTTnq/4M=
-10,19,aOixbyWnWoD6z5sc+MBpBJSWYXo=,E6GzC9EabwifcXc6Iwx6c2v3PCY=
-11,19,aOixbyWnWoD6z5sc+MBpBJSWYXo=,mP4x0OHsNQZcd+YgE+K8PbcMZlo=
-11,18,aOixbyWnWoD6z5sc+MBpBJSWYXo=,mP4x0OHsNQZcd+YgE+K8PbcMZlo=
-10,17,aOixbyWnWoD6z5sc+MBpBJSWYXo=,IeHQKMGUREZ11r/E77FoKTOdnV0=
-10,18,aOixbyWnWoD6z5sc+MBpBJSWYXo=,E6GzC9EabwifcXc6Iwx6c2v3PCY=
-11,17,aOixbyWnWoD6z5sc+MBpBJSWYXo=,i25u0Mv+IeTWLBLdX5uOI6qdwxI=
-13,19,wPJyBn5hBfxlS9DOAXP16vbxmAM=,mgZly6PLwz1oStQy1XgqwyYewaQ=
-12,20,wPJyBn5hBfxlS9DOAXP16vbxmAM=,mbpINtN7AS7KzcHwv66OTTnq/4M=
-13,20,wPJyBn5hBfxlS9DOAXP16vbxmAM=,45dH5j4yJGMqp5j7QgbriaxzqwM=
-12,19,wPJyBn5hBfxlS9DOAXP16vbxmAM=,mP4x0OHsNQZcd+YgE+K8PbcMZlo=
-12,18,wPJyBn5hBfxlS9DOAXP16vbxmAM=,mP4x0OHsNQZcd+YgE+K8PbcMZlo=
-13,17,wPJyBn5hBfxlS9DOAXP16vbxmAM=,ni9WnqOe2zPyFjmlo7rLcs8P9IQ=
-13,18,wPJyBn5hBfxlS9DOAXP16vbxmAM=,mgZly6PLwz1oStQy1XgqwyYewaQ=
-12,17,wPJyBn5hBfxlS9DOAXP16vbxmAM=,i25u0Mv+IeTWLBLdX5uOI6qdwxI=
-15,19,Y5zye1AUTRQKFNA7PXp619Kt8GQ=,ymQ9jcAG4icKE0iqiXB/O29H60E=
-15,20,Y5zye1AUTRQKFNA7PXp619Kt8GQ=,CY40j9Kwhjn/T6yUVTTHdZLlfwQ=
-14,19,Y5zye1AUTRQKFNA7PXp619Kt8GQ=,mgZly6PLwz1oStQy1XgqwyYewaQ=
-14,20,Y5zye1AUTRQKFNA7PXp619Kt8GQ=,45dH5j4yJGMqp5j7QgbriaxzqwM=
-15,17,Y5zye1AUTRQKFNA7PXp619Kt8GQ=,4naARGMegmlkfjw3R8q8wcQhJgc=
-15,18,Y5zye1AUTRQKFNA7PXp619Kt8GQ=,ymQ9jcAG4icKE0iqiXB/O29H60E=
-14,18,Y5zye1AUTRQKFNA7PXp619Kt8GQ=,mgZly6PLwz1oStQy1XgqwyYewaQ=
-14,17,Y5zye1AUTRQKFNA7PXp619Kt8GQ=,ni9WnqOe2zPyFjmlo7rLcs8P9IQ=
-14,22,8JTa4wi++2YgPqREaCljGok37bQ=,Om44OdQvbR3p5NzGUxvIFXhk1Ok=
-15,21,8JTa4wi++2YgPqREaCljGok37bQ=,CY40j9Kwhjn/T6yUVTTHdZLlfwQ=
-15,22,8JTa4wi++2YgPqREaCljGok37bQ=,17ACipUtvAZnm0v/6DwSMClLStE=
-14,21,8JTa4wi++2YgPqREaCljGok37bQ=,45dH5j4yJGMqp5j7QgbriaxzqwM=
-15,23,OVcQ10xygY1bkoX5M1TULPW+tTU=,17ACipUtvAZnm0v/6DwSMClLStE=
-14,24,OVcQ10xygY1bkoX5M1TULPW+tTU=,Mnf1GTQpHPbGXe5Q7O9WIFDHdoQ=
-15,24,OVcQ10xygY1bkoX5M1TULPW+tTU=,R/yap0hb4CXMrCGVWHBdbIPrLR4=
-14,23,OVcQ10xygY1bkoX5M1TULPW+tTU=,Om44OdQvbR3p5NzGUxvIFXhk1Ok=
-14,25,S4Ppr0fewlPU/2AoMPnW1AJ04eE=,Mnf1GTQpHPbGXe5Q7O9WIFDHdoQ=
-15,25,S4Ppr0fewlPU/2AoMPnW1AJ04eE=,R/yap0hb4CXMrCGVWHBdbIPrLR4=
-15,26,S4Ppr0fewlPU/2AoMPnW1AJ04eE=,kc1knyixWYC32cTi8kQbRY4fN+E=
-14,26,S4Ppr0fewlPU/2AoMPnW1AJ04eE=,UwlZyiodQQCQjHu+tblqSZyULx0=
-12,26,S4Ppr0fewlPU/2AoMPnW1AJ04eE=,iaoUZUdTfvLmZQzQsCp7bT1XX2w=
-13,26,S4Ppr0fewlPU/2AoMPnW1AJ04eE=,UwlZyiodQQCQjHu+tblqSZyULx0=
-12,25,S4Ppr0fewlPU/2AoMPnW1AJ04eE=,yB9gFYidjgIfF3zd5TG4SCbNNHk=
-13,25,S4Ppr0fewlPU/2AoMPnW1AJ04eE=,Mnf1GTQpHPbGXe5Q7O9WIFDHdoQ=
-11,26,S4Ppr0fewlPU/2AoMPnW1AJ04eE=,iaoUZUdTfvLmZQzQsCp7bT1XX2w=
-10,26,S4Ppr0fewlPU/2AoMPnW1AJ04eE=,ejzpHSZCnodximXLAtSWaJHBRs0=
-8,26,S4Ppr0fewlPU/2AoMPnW1AJ04eE=,wGr73fXXO3HV3uY1lHQ4Y9wpD9g=
-9,26,S4Ppr0fewlPU/2AoMPnW1AJ04eE=,ejzpHSZCnodximXLAtSWaJHBRs0=
-8,25,S4Ppr0fewlPU/2AoMPnW1AJ04eE=,llLXS0zcrhl09yNgn7EU6hyQIyU=
-10,25,S4Ppr0fewlPU/2AoMPnW1AJ04eE=,tJ0Obcs+ptRNv9f0OOjV5GM/7cY=
-9,25,S4Ppr0fewlPU/2AoMPnW1AJ04eE=,tJ0Obcs+ptRNv9f0OOjV5GM/7cY=
-11,25,S4Ppr0fewlPU/2AoMPnW1AJ04eE=,yB9gFYidjgIfF3zd5TG4SCbNNHk=
-1,20,S4Ppr0fewlPU/2AoMPnW1AJ04eE=,1i6jud7vm3s23B5QGtU5wku/CMI=
-1,19,S4Ppr0fewlPU/2AoMPnW1AJ04eE=,gIioLhwJe/WD8H/znWm+CIfG9Go=
-1,21,G2XZg5eR4L09GZ30bddkWX0v5OA=,1i6jud7vm3s23B5QGtU5wku/CMI=
-1,22,G2XZg5eR4L09GZ30bddkWX0v5OA=,cRAK4liuP1t93G+hER9tayoX0Kg=
-1,24,G2XZg5eR4L09GZ30bddkWX0v5OA=,v+Gv5YGCDza/q8QbqSq6YumwKGc=
-1,23,G2XZg5eR4L09GZ30bddkWX0v5OA=,cRAK4liuP1t93G+hER9tayoX0Kg=
-1,26,G2XZg5eR4L09GZ30bddkWX0v5OA=,OWCj69NAdr1Mp3TJ5mPGrAs2yWM=
-1,25,G2XZg5eR4L09GZ30bddkWX0v5OA=,v+Gv5YGCDza/q8QbqSq6YumwKGc=
-12,24,G2XZg5eR4L09GZ30bddkWX0v5OA=,yB9gFYidjgIfF3zd5TG4SCbNNHk=
-10,22,G2XZg5eR4L09GZ30bddkWX0v5OA=,LmGgyTkToITuDWqT8ePirsIJb34=
-10,23,G2XZg5eR4L09GZ30bddkWX0v5OA=,LmGgyTkToITuDWqT8ePirsIJb34=
-11,23,nM7ehdibmi9On0daJ/YtdCJkHkk=,qVzreQjuOuvqlW/sk55jUd6VGVI=
-12,22,nM7ehdibmi9On0daJ/YtdCJkHkk=,qVzreQjuOuvqlW/sk55jUd6VGVI=
-11,21,nM7ehdibmi9On0daJ/YtdCJkHkk=,mbpINtN7AS7KzcHwv66OTTnq/4M=
-11,24,nM7ehdibmi9On0daJ/YtdCJkHkk=,yB9gFYidjgIfF3zd5TG4SCbNNHk=
-12,21,nM7ehdibmi9On0daJ/YtdCJkHkk=,mbpINtN7AS7KzcHwv66OTTnq/4M=
-13,22,nM7ehdibmi9On0daJ/YtdCJkHkk=,Om44OdQvbR3p5NzGUxvIFXhk1Ok=
-12,23,nM7ehdibmi9On0daJ/YtdCJkHkk=,qVzreQjuOuvqlW/sk55jUd6VGVI=
-13,21,nM7ehdibmi9On0daJ/YtdCJkHkk=,45dH5j4yJGMqp5j7QgbriaxzqwM=
-11,22,nM7ehdibmi9On0daJ/YtdCJkHkk=,qVzreQjuOuvqlW/sk55jUd6VGVI=
-13,23,nM7ehdibmi9On0daJ/YtdCJkHkk=,Om44OdQvbR3p5NzGUxvIFXhk1Ok=
-13,24,nM7ehdibmi9On0daJ/YtdCJkHkk=,Mnf1GTQpHPbGXe5Q7O9WIFDHdoQ=
-10,24,nM7ehdibmi9On0daJ/YtdCJkHkk=,tJ0Obcs+ptRNv9f0OOjV5GM/7cY=
-10,21,nM7ehdibmi9On0daJ/YtdCJkHkk=,zg2sgSEUYJ5XIUxt5+ADqZVcZkk=
-8,22,nM7ehdibmi9On0daJ/YtdCJkHkk=,Ucw5W0TSiPzK1Z3tkEruS4stWDw=
-9,23,nM7ehdibmi9On0daJ/YtdCJkHkk=,LmGgyTkToITuDWqT8ePirsIJb34=
-9,22,nM7ehdibmi9On0daJ/YtdCJkHkk=,LmGgyTkToITuDWqT8ePirsIJb34=
-9,24,nM7ehdibmi9On0daJ/YtdCJkHkk=,tJ0Obcs+ptRNv9f0OOjV5GM/7cY=
-9,21,nM7ehdibmi9On0daJ/YtdCJkHkk=,zg2sgSEUYJ5XIUxt5+ADqZVcZkk=
-8,23,nM7ehdibmi9On0daJ/YtdCJkHkk=,Ucw5W0TSiPzK1Z3tkEruS4stWDw=
-8,21,nM7ehdibmi9On0daJ/YtdCJkHkk=,4Cb/EFZC7magfBTesAX2Wdd4XNc=
-8,24,nM7ehdibmi9On0daJ/YtdCJkHkk=,llLXS0zcrhl09yNgn7EU6hyQIyU=
-4,22,nM7ehdibmi9On0daJ/YtdCJkHkk=,6wUrAdCeXSQ34651KtgiNBdl4mk=
-4,24,nM7ehdibmi9On0daJ/YtdCJkHkk=,Yk1TzZLE+nuu0JMsWl1FGgmH89w=
-6,22,nM7ehdibmi9On0daJ/YtdCJkHkk=,x5zjGxC8/AZBENhQhN8GVF1m4uo=
-4,23,nM7ehdibmi9On0daJ/YtdCJkHkk=,6wUrAdCeXSQ34651KtgiNBdl4mk=
-7,22,nM7ehdibmi9On0daJ/YtdCJkHkk=,Ucw5W0TSiPzK1Z3tkEruS4stWDw=
-6,24,nM7ehdibmi9On0daJ/YtdCJkHkk=,pdxtaT6T6x2fz3ncuABJ8p21oL8=
-6,21,nM7ehdibmi9On0daJ/YtdCJkHkk=,b4cFThP0Va33oqAjOlnT4ecn6Go=
-5,21,nM7ehdibmi9On0daJ/YtdCJkHkk=,b4cFThP0Va33oqAjOlnT4ecn6Go=
-5,24,nM7ehdibmi9On0daJ/YtdCJkHkk=,pdxtaT6T6x2fz3ncuABJ8p21oL8=
-5,22,nM7ehdibmi9On0daJ/YtdCJkHkk=,x5zjGxC8/AZBENhQhN8GVF1m4uo=
-7,23,nM7ehdibmi9On0daJ/YtdCJkHkk=,Ucw5W0TSiPzK1Z3tkEruS4stWDw=
-4,21,nM7ehdibmi9On0daJ/YtdCJkHkk=,2iq6V6GWg9JiHQs7JrcuxvBMSTM=
-6,23,nM7ehdibmi9On0daJ/YtdCJkHkk=,x5zjGxC8/AZBENhQhN8GVF1m4uo=
-5,23,nM7ehdibmi9On0daJ/YtdCJkHkk=,x5zjGxC8/AZBENhQhN8GVF1m4uo=
-7,24,nM7ehdibmi9On0daJ/YtdCJkHkk=,llLXS0zcrhl09yNgn7EU6hyQIyU=
-7,21,nM7ehdibmi9On0daJ/YtdCJkHkk=,4Cb/EFZC7magfBTesAX2Wdd4XNc=
-2,28,293TcZqW/AIHnuDk7fXWf7qQyAs=,X/CCX7SdWlTzZpfsmDsbGZfbTnY=
-4,28,293TcZqW/AIHnuDk7fXWf7qQyAs=,Klg1kTdQ1pi34+eZYwXkUJq+X3E=
-3,28,293TcZqW/AIHnuDk7fXWf7qQyAs=,Klg1kTdQ1pi34+eZYwXkUJq+X3E=
-5,27,293TcZqW/AIHnuDk7fXWf7qQyAs=,Bvr6TohgKeSlPGNoT3uaOmIRzSk=
-5,28,293TcZqW/AIHnuDk7fXWf7qQyAs=,Pl1g4h+zsqGcPiss6WrNcKW8V44=
-2,27,293TcZqW/AIHnuDk7fXWf7qQyAs=,OWCj69NAdr1Mp3TJ5mPGrAs2yWM=
-3,27,293TcZqW/AIHnuDk7fXWf7qQyAs=,kk3BYUZfaH8XnvF6a2THrYnW7l4=
-4,27,293TcZqW/AIHnuDk7fXWf7qQyAs=,kk3BYUZfaH8XnvF6a2THrYnW7l4=
-2,30,6cCWTYF8rF1HLbAJixsQMF/omHg=,ebdUHZYjzwgB2/dh3Qn5NAQRpro=
-4,30,6cCWTYF8rF1HLbAJixsQMF/omHg=,rp9QeyiLEDN9+xc5SsLaIdlfbeA=
-3,30,6cCWTYF8rF1HLbAJixsQMF/omHg=,rp9QeyiLEDN9+xc5SsLaIdlfbeA=
-2,29,6cCWTYF8rF1HLbAJixsQMF/omHg=,X/CCX7SdWlTzZpfsmDsbGZfbTnY=
-5,30,6cCWTYF8rF1HLbAJixsQMF/omHg=,0rC483FKlss1LcaRxH5TKDmMgmM=
-3,29,6cCWTYF8rF1HLbAJixsQMF/omHg=,Klg1kTdQ1pi34+eZYwXkUJq+X3E=
-4,29,6cCWTYF8rF1HLbAJixsQMF/omHg=,Klg1kTdQ1pi34+eZYwXkUJq+X3E=
-5,29,6cCWTYF8rF1HLbAJixsQMF/omHg=,Pl1g4h+zsqGcPiss6WrNcKW8V44=
-6,30,j8lMmXDKLVFC/VnPCb3NKF67+60=,0rC483FKlss1LcaRxH5TKDmMgmM=
-7,30,j8lMmXDKLVFC/VnPCb3NKF67+60=,SFr9sFh+Mj5kZrjCRRHdiWARMfg=
-6,29,j8lMmXDKLVFC/VnPCb3NKF67+60=,Pl1g4h+zsqGcPiss6WrNcKW8V44=
-7,29,j8lMmXDKLVFC/VnPCb3NKF67+60=,21QY6p/rRNg6m8OOhrxXUfco96k=
-8,30,j8lMmXDKLVFC/VnPCb3NKF67+60=,SFr9sFh+Mj5kZrjCRRHdiWARMfg=
-9,29,j8lMmXDKLVFC/VnPCb3NKF67+60=,KA+TZNWBlZRVVrWdM3jEWM+grWA=
-9,30,j8lMmXDKLVFC/VnPCb3NKF67+60=,m8XR/NEFR2ovDONGknBR+6ZaZsI=
-8,29,j8lMmXDKLVFC/VnPCb3NKF67+60=,21QY6p/rRNg6m8OOhrxXUfco96k=
-10,30,j8lMmXDKLVFC/VnPCb3NKF67+60=,m8XR/NEFR2ovDONGknBR+6ZaZsI=
-10,29,j8lMmXDKLVFC/VnPCb3NKF67+60=,KA+TZNWBlZRVVrWdM3jEWM+grWA=
-11,30,j8lMmXDKLVFC/VnPCb3NKF67+60=,ZsOKDvFRtEiwZzJ8dqD8j+xmMBg=
-11,29,j8lMmXDKLVFC/VnPCb3NKF67+60=,eacxO+wh+3S/j3WGllyeKTs1P4g=
-16,25,25LrDckMWUiKrRsOhQrJvpD7ZEE=,R/yap0hb4CXMrCGVWHBdbIPrLR4=
-16,26,25LrDckMWUiKrRsOhQrJvpD7ZEE=,kc1knyixWYC32cTi8kQbRY4fN+E=
-16,24,25LrDckMWUiKrRsOhQrJvpD7ZEE=,R/yap0hb4CXMrCGVWHBdbIPrLR4=
-16,23,25LrDckMWUiKrRsOhQrJvpD7ZEE=,17ACipUtvAZnm0v/6DwSMClLStE=
-16,22,25LrDckMWUiKrRsOhQrJvpD7ZEE=,17ACipUtvAZnm0v/6DwSMClLStE=
-16,21,25LrDckMWUiKrRsOhQrJvpD7ZEE=,CY40j9Kwhjn/T6yUVTTHdZLlfwQ=
-16,20,25LrDckMWUiKrRsOhQrJvpD7ZEE=,CY40j9Kwhjn/T6yUVTTHdZLlfwQ=
-12,28,25LrDckMWUiKrRsOhQrJvpD7ZEE=,eacxO+wh+3S/j3WGllyeKTs1P4g=
-16,19,25LrDckMWUiKrRsOhQrJvpD7ZEE=,ymQ9jcAG4icKE0iqiXB/O29H60E=
-12,30,25LrDckMWUiKrRsOhQrJvpD7ZEE=,ZsOKDvFRtEiwZzJ8dqD8j+xmMBg=
-13,30,25LrDckMWUiKrRsOhQrJvpD7ZEE=,nhXEVLcLmGd32pLWjOn92LwkLWA=
-13,28,25LrDckMWUiKrRsOhQrJvpD7ZEE=,iU2tKwA1VsxzFx5m+dyatofOGXg=
-15,28,25LrDckMWUiKrRsOhQrJvpD7ZEE=,pF44hC1YJke9Y8cCMEp4/SynO8U=
-13,29,25LrDckMWUiKrRsOhQrJvpD7ZEE=,iU2tKwA1VsxzFx5m+dyatofOGXg=
-12,29,25LrDckMWUiKrRsOhQrJvpD7ZEE=,eacxO+wh+3S/j3WGllyeKTs1P4g=
-13,27,25LrDckMWUiKrRsOhQrJvpD7ZEE=,UwlZyiodQQCQjHu+tblqSZyULx0=
-14,28,25LrDckMWUiKrRsOhQrJvpD7ZEE=,iU2tKwA1VsxzFx5m+dyatofOGXg=
-12,27,25LrDckMWUiKrRsOhQrJvpD7ZEE=,iaoUZUdTfvLmZQzQsCp7bT1XX2w=
-16,28,25LrDckMWUiKrRsOhQrJvpD7ZEE=,pF44hC1YJke9Y8cCMEp4/SynO8U=
-16,27,25LrDckMWUiKrRsOhQrJvpD7ZEE=,kc1knyixWYC32cTi8kQbRY4fN+E=
-15,27,25LrDckMWUiKrRsOhQrJvpD7ZEE=,kc1knyixWYC32cTi8kQbRY4fN+E=
-14,27,25LrDckMWUiKrRsOhQrJvpD7ZEE=,UwlZyiodQQCQjHu+tblqSZyULx0=
-13,31,25LrDckMWUiKrRsOhQrJvpD7ZEE=,nhXEVLcLmGd32pLWjOn92LwkLWA=
-12,31,25LrDckMWUiKrRsOhQrJvpD7ZEE=,ZsOKDvFRtEiwZzJ8dqD8j+xmMBg=
-10,31,25LrDckMWUiKrRsOhQrJvpD7ZEE=,m8XR/NEFR2ovDONGknBR+6ZaZsI=
-11,31,25LrDckMWUiKrRsOhQrJvpD7ZEE=,ZsOKDvFRtEiwZzJ8dqD8j+xmMBg=
-8,31,25LrDckMWUiKrRsOhQrJvpD7ZEE=,SFr9sFh+Mj5kZrjCRRHdiWARMfg=
-9,31,25LrDckMWUiKrRsOhQrJvpD7ZEE=,m8XR/NEFR2ovDONGknBR+6ZaZsI=
-6,31,25LrDckMWUiKrRsOhQrJvpD7ZEE=,0rC483FKlss1LcaRxH5TKDmMgmM=
-5,31,25LrDckMWUiKrRsOhQrJvpD7ZEE=,0rC483FKlss1LcaRxH5TKDmMgmM=
-7,31,25LrDckMWUiKrRsOhQrJvpD7ZEE=,SFr9sFh+Mj5kZrjCRRHdiWARMfg=
-4,31,25LrDckMWUiKrRsOhQrJvpD7ZEE=,rp9QeyiLEDN9+xc5SsLaIdlfbeA=
-1,28,25LrDckMWUiKrRsOhQrJvpD7ZEE=,X/CCX7SdWlTzZpfsmDsbGZfbTnY=
-1,27,25LrDckMWUiKrRsOhQrJvpD7ZEE=,OWCj69NAdr1Mp3TJ5mPGrAs2yWM=
-2,31,25LrDckMWUiKrRsOhQrJvpD7ZEE=,ebdUHZYjzwgB2/dh3Qn5NAQRpro=
-3,31,25LrDckMWUiKrRsOhQrJvpD7ZEE=,rp9QeyiLEDN9+xc5SsLaIdlfbeA=
-1,30,YwLNTbRUiaTWfjTDLy77LCSFUMA=,ebdUHZYjzwgB2/dh3Qn5NAQRpro=
-1,29,YwLNTbRUiaTWfjTDLy77LCSFUMA=,X/CCX7SdWlTzZpfsmDsbGZfbTnY=
-1,31,YwLNTbRUiaTWfjTDLy77LCSFUMA=,ebdUHZYjzwgB2/dh3Qn5NAQRpro=
-4,16,YwLNTbRUiaTWfjTDLy77LCSFUMA=,MF0vRs5gAQPq685CLjinvzobX7w=
-5,16,YwLNTbRUiaTWfjTDLy77LCSFUMA=,gmhpfMz29H6PWemo53H0nQ6wcvw=
-7,16,YwLNTbRUiaTWfjTDLy77LCSFUMA=,wR8ehzv9M0pOc6hsdn5ruo24nkk=
-6,16,YwLNTbRUiaTWfjTDLy77LCSFUMA=,gmhpfMz29H6PWemo53H0nQ6wcvw=
-15,30,YwLNTbRUiaTWfjTDLy77LCSFUMA=,sUcci9tFM3UfwAn4u3XK6bzmZAU=
-16,30,YwLNTbRUiaTWfjTDLy77LCSFUMA=,sUcci9tFM3UfwAn4u3XK6bzmZAU=
-14,30,YwLNTbRUiaTWfjTDLy77LCSFUMA=,nhXEVLcLmGd32pLWjOn92LwkLWA=
-15,29,YwLNTbRUiaTWfjTDLy77LCSFUMA=,pF44hC1YJke9Y8cCMEp4/SynO8U=
-14,31,YwLNTbRUiaTWfjTDLy77LCSFUMA=,nhXEVLcLmGd32pLWjOn92LwkLWA=
-15,31,YwLNTbRUiaTWfjTDLy77LCSFUMA=,sUcci9tFM3UfwAn4u3XK6bzmZAU=
-16,29,YwLNTbRUiaTWfjTDLy77LCSFUMA=,pF44hC1YJke9Y8cCMEp4/SynO8U=
-14,29,YwLNTbRUiaTWfjTDLy77LCSFUMA=,iU2tKwA1VsxzFx5m+dyatofOGXg=
-16,31,YwLNTbRUiaTWfjTDLy77LCSFUMA=,sUcci9tFM3UfwAn4u3XK6bzmZAU=
-8,16,YwLNTbRUiaTWfjTDLy77LCSFUMA=,wR8ehzv9M0pOc6hsdn5ruo24nkk=
-9,16,YwLNTbRUiaTWfjTDLy77LCSFUMA=,IeHQKMGUREZ11r/E77FoKTOdnV0=
-10,16,YwLNTbRUiaTWfjTDLy77LCSFUMA=,IeHQKMGUREZ11r/E77FoKTOdnV0=
-11,16,YwLNTbRUiaTWfjTDLy77LCSFUMA=,i25u0Mv+IeTWLBLdX5uOI6qdwxI=
-12,16,YwLNTbRUiaTWfjTDLy77LCSFUMA=,i25u0Mv+IeTWLBLdX5uOI6qdwxI=
-13,16,YwLNTbRUiaTWfjTDLy77LCSFUMA=,ni9WnqOe2zPyFjmlo7rLcs8P9IQ=
-14,16,YwLNTbRUiaTWfjTDLy77LCSFUMA=,ni9WnqOe2zPyFjmlo7rLcs8P9IQ=
-15,16,YwLNTbRUiaTWfjTDLy77LCSFUMA=,4naARGMegmlkfjw3R8q8wcQhJgc=
-16,17,YwLNTbRUiaTWfjTDLy77LCSFUMA=,4naARGMegmlkfjw3R8q8wcQhJgc=
-16,18,YwLNTbRUiaTWfjTDLy77LCSFUMA=,ymQ9jcAG4icKE0iqiXB/O29H60E=
-16,16,YwLNTbRUiaTWfjTDLy77LCSFUMA=,4naARGMegmlkfjw3R8q8wcQhJgc=
-3,17,niQTJFGduNSNQfEmK7ZUV+PdpIA=,MF0vRs5gAQPq685CLjinvzobX7w=
-2,17,niQTJFGduNSNQfEmK7ZUV+PdpIA=,fmECVff7+ZjNBgE3hHCC3BTrxlQ=
-1,17,niQTJFGduNSNQfEmK7ZUV+PdpIA=,fmECVff7+ZjNBgE3hHCC3BTrxlQ=
-3,16,niQTJFGduNSNQfEmK7ZUV+PdpIA=,MF0vRs5gAQPq685CLjinvzobX7w=
-2,18,niQTJFGduNSNQfEmK7ZUV+PdpIA=,gIioLhwJe/WD8H/znWm+CIfG9Go=
-1,16,niQTJFGduNSNQfEmK7ZUV+PdpIA=,fmECVff7+ZjNBgE3hHCC3BTrxlQ=
-2,16,niQTJFGduNSNQfEmK7ZUV+PdpIA=,fmECVff7+ZjNBgE3hHCC3BTrxlQ=
-3,18,niQTJFGduNSNQfEmK7ZUV+PdpIA=,RMibhnb1DGMBxicjybg2aR7FgRg=
-1,18,niQTJFGduNSNQfEmK7ZUV+PdpIA=,gIioLhwJe/WD8H/znWm+CIfG9Go=
-2,2,sFo6WdPNle6WF6srAVVYefj6bG0=,Jctq2ArJcatmbhglO4CahRcRrOw=
-3,2,sFo6WdPNle6WF6srAVVYefj6bG0=,CcsDi/7lfJwUrVDIxwHdZghF0ss=
-3,1,sFo6WdPNle6WF6srAVVYefj6bG0=,ty5z8vuVeoFAAHQsIWuqr34TKuM=
-2,1,sFo6WdPNle6WF6srAVVYefj6bG0=,WqfBewmkoICBmRbXX+qdfpcA0E0=
-3,3,vLewRGCUpEMiCgJfGNQNop4/iXM=,CcsDi/7lfJwUrVDIxwHdZghF0ss=
-2,3,vLewRGCUpEMiCgJfGNQNop4/iXM=,Jctq2ArJcatmbhglO4CahRcRrOw=
-3,5,vLewRGCUpEMiCgJfGNQNop4/iXM=,9Kn9zDpoN4iJPjf9Ot5B+Y7O9lA=
-2,6,vLewRGCUpEMiCgJfGNQNop4/iXM=,fLkhv5wf6V4R34+tq9kYv+STTjM=
-2,5,vLewRGCUpEMiCgJfGNQNop4/iXM=,6IAHRL0Iw1oG0kbSGtIP9MBluTw=
-3,4,vLewRGCUpEMiCgJfGNQNop4/iXM=,9Kn9zDpoN4iJPjf9Ot5B+Y7O9lA=
-2,4,vLewRGCUpEMiCgJfGNQNop4/iXM=,6IAHRL0Iw1oG0kbSGtIP9MBluTw=
-3,6,vLewRGCUpEMiCgJfGNQNop4/iXM=,t/nEtyXejMX5OEszgwj4OzzFJs8=
-2,7,JYcP6w1oRz/OKjQN8TmEhweSvq0=,fLkhv5wf6V4R34+tq9kYv+STTjM=
-3,7,JYcP6w1oRz/OKjQN8TmEhweSvq0=,t/nEtyXejMX5OEszgwj4OzzFJs8=
-3,8,JYcP6w1oRz/OKjQN8TmEhweSvq0=,lW0v/f4jJd9Gp4p4xPhmXMDhnVE=
-2,8,JYcP6w1oRz/OKjQN8TmEhweSvq0=,6BAWAXpRFoWK8s/k/f3ZC1M8BG0=
-3,10,H9AOO0ykSyJLh04ee5aklKUQEjM=,GJEpf0VbENIWH/04b6tyxb5zC5Q=
-2,9,H9AOO0ykSyJLh04ee5aklKUQEjM=,6BAWAXpRFoWK8s/k/f3ZC1M8BG0=
-3,9,H9AOO0ykSyJLh04ee5aklKUQEjM=,lW0v/f4jJd9Gp4p4xPhmXMDhnVE=
-2,10,H9AOO0ykSyJLh04ee5aklKUQEjM=,xBQwaNZslPRHm4+FlRyiO0hJAAM=
-5,12,qatZNmWaI97p/YtrXp5Tp0iSjjk=,6A7R7pRGgBjtV36MFlh5xjWNTVw=
-4,12,qatZNmWaI97p/YtrXp5Tp0iSjjk=,FjA0cvqDzz41GKlVkG0lhtscSv4=
-5,11,qatZNmWaI97p/YtrXp5Tp0iSjjk=,xFudJzFUPC5bWdWUXo2mcMz7KmE=
-4,11,qatZNmWaI97p/YtrXp5Tp0iSjjk=,GJEpf0VbENIWH/04b6tyxb5zC5Q=
-3,11,2HoR/qSCZdOcseRNKxHzKxWqKOE=,GJEpf0VbENIWH/04b6tyxb5zC5Q=
-3,12,2HoR/qSCZdOcseRNKxHzKxWqKOE=,FjA0cvqDzz41GKlVkG0lhtscSv4=
-2,11,2HoR/qSCZdOcseRNKxHzKxWqKOE=,xBQwaNZslPRHm4+FlRyiO0hJAAM=
-2,12,2HoR/qSCZdOcseRNKxHzKxWqKOE=,SVYEyXqIJO2XAkEinQLGGSapTdQ=
-5,13,6MpDOrJFbxqeSXouLXQGRvuoRp0=,6A7R7pRGgBjtV36MFlh5xjWNTVw=
-4,13,6MpDOrJFbxqeSXouLXQGRvuoRp0=,FjA0cvqDzz41GKlVkG0lhtscSv4=
-4,14,6MpDOrJFbxqeSXouLXQGRvuoRp0=,jAGVoAEkdcsDxeoqr2kgth0TtPk=
-5,14,6MpDOrJFbxqeSXouLXQGRvuoRp0=,BOmjAmUQC+hXbZkJXvBRiX8rQY0=
-3,14,6MpDOrJFbxqeSXouLXQGRvuoRp0=,jAGVoAEkdcsDxeoqr2kgth0TtPk=
-2,13,6MpDOrJFbxqeSXouLXQGRvuoRp0=,SVYEyXqIJO2XAkEinQLGGSapTdQ=
-3,13,6MpDOrJFbxqeSXouLXQGRvuoRp0=,FjA0cvqDzz41GKlVkG0lhtscSv4=
-2,14,6MpDOrJFbxqeSXouLXQGRvuoRp0=,lwQVt0kH3Q+eeBRHCBOipVDyAFY=
-6,14,VSTwiOy/Tmhxw+42i+7iIZwjMAo=,BOmjAmUQC+hXbZkJXvBRiX8rQY0=
-7,14,VSTwiOy/Tmhxw+42i+7iIZwjMAo=,ncKZeoXfWzqjk1Hl1x4DhK2yc98=
-7,13,VSTwiOy/Tmhxw+42i+7iIZwjMAo=,H2N/T+s6TxHQmSUO9cGIP8HXZsE=
-6,13,VSTwiOy/Tmhxw+42i+7iIZwjMAo=,6A7R7pRGgBjtV36MFlh5xjWNTVw=
-8,11,NBpHP8/k6Ko1Dym0msYi1yY/7Ts=,BdbD6JJuZDMH5Sh7ydJ9KaQk4pY=
-7,11,NBpHP8/k6Ko1Dym0msYi1yY/7Ts=,BdbD6JJuZDMH5Sh7ydJ9KaQk4pY=
-8,12,NBpHP8/k6Ko1Dym0msYi1yY/7Ts=,H2N/T+s6TxHQmSUO9cGIP8HXZsE=
-6,11,NBpHP8/k6Ko1Dym0msYi1yY/7Ts=,xFudJzFUPC5bWdWUXo2mcMz7KmE=
-9,11,NBpHP8/k6Ko1Dym0msYi1yY/7Ts=,fPRxUEFnOsjUaPdwSg5GBFKrB54=
-9,12,NBpHP8/k6Ko1Dym0msYi1yY/7Ts=,SEuFDna9FykBEdl4EjzmeM3wSIc=
-6,12,NBpHP8/k6Ko1Dym0msYi1yY/7Ts=,6A7R7pRGgBjtV36MFlh5xjWNTVw=
-7,12,NBpHP8/k6Ko1Dym0msYi1yY/7Ts=,H2N/T+s6TxHQmSUO9cGIP8HXZsE=
-11,11,NKGW3BBdeZZlfPBiu9l6cpilriA=,1/A19cwOfNc9I0zJLAHwFsz70WU=
-11,12,NKGW3BBdeZZlfPBiu9l6cpilriA=,6cL0USgNTQ58PcMOL1hWGPMZDmI=
-10,11,NKGW3BBdeZZlfPBiu9l6cpilriA=,fPRxUEFnOsjUaPdwSg5GBFKrB54=
-10,12,NKGW3BBdeZZlfPBiu9l6cpilriA=,SEuFDna9FykBEdl4EjzmeM3wSIc=
-12,12,NKGW3BBdeZZlfPBiu9l6cpilriA=,6cL0USgNTQ58PcMOL1hWGPMZDmI=
-13,11,NKGW3BBdeZZlfPBiu9l6cpilriA=,scjS7U2rabeiFLEFpHO9cxmGi/s=
-13,12,NKGW3BBdeZZlfPBiu9l6cpilriA=,Ug0kWKhjzPIjj8qfT0Bxlrx6xfU=
-12,11,NKGW3BBdeZZlfPBiu9l6cpilriA=,1/A19cwOfNc9I0zJLAHwFsz70WU=
-14,12,J1gbeKxjgglxxfOCBbkU+hoUWH0=,Ug0kWKhjzPIjj8qfT0Bxlrx6xfU=
-14,11,J1gbeKxjgglxxfOCBbkU+hoUWH0=,scjS7U2rabeiFLEFpHO9cxmGi/s=
-15,12,J1gbeKxjgglxxfOCBbkU+hoUWH0=,gMnWgAhKOefwAAHvIg3duDaCVp4=
-15,11,J1gbeKxjgglxxfOCBbkU+hoUWH0=,64+CGKkWW/krKo7cd+TMrE/lwF0=
-14,14,dPoEawt6Heihzc/fsHx/h8jP184=,uDAOhALxJgTgPALmlVWBclvq9po=
-15,13,dPoEawt6Heihzc/fsHx/h8jP184=,gMnWgAhKOefwAAHvIg3duDaCVp4=
-14,13,dPoEawt6Heihzc/fsHx/h8jP184=,Ug0kWKhjzPIjj8qfT0Bxlrx6xfU=
-15,14,dPoEawt6Heihzc/fsHx/h8jP184=,iz7JUFD8gyNj8GPZ1tunZ40AkVo=
-14,10,b2dJirrcJRzd+YNCdL8PQ6ruMM0=,scjS7U2rabeiFLEFpHO9cxmGi/s=
-14,9,b2dJirrcJRzd+YNCdL8PQ6ruMM0=,ygFyqJhle/jGnUck5gw4sO6ovAY=
-15,10,b2dJirrcJRzd+YNCdL8PQ6ruMM0=,64+CGKkWW/krKo7cd+TMrE/lwF0=
-15,9,b2dJirrcJRzd+YNCdL8PQ6ruMM0=,utjigAf/X7NPgG4iCP8yzHgjUck=
-14,7,b2dJirrcJRzd+YNCdL8PQ6ruMM0=,nRUCYey1SNEi6FTBTCCd9Jk2sj8=
-15,8,b2dJirrcJRzd+YNCdL8PQ6ruMM0=,utjigAf/X7NPgG4iCP8yzHgjUck=
-15,7,b2dJirrcJRzd+YNCdL8PQ6ruMM0=,410i0LAmrnGalDAxJdafyAOLu1c=
-14,8,b2dJirrcJRzd+YNCdL8PQ6ruMM0=,ygFyqJhle/jGnUck5gw4sO6ovAY=
-12,8,jEvImhkZeTS6NYVDxAOUz1JlM7Q=,DV23N3Cxog1IuU2rH6GMCdVk9wI=
-12,10,jEvImhkZeTS6NYVDxAOUz1JlM7Q=,1/A19cwOfNc9I0zJLAHwFsz70WU=
-13,7,jEvImhkZeTS6NYVDxAOUz1JlM7Q=,nRUCYey1SNEi6FTBTCCd9Jk2sj8=
-13,8,jEvImhkZeTS6NYVDxAOUz1JlM7Q=,ygFyqJhle/jGnUck5gw4sO6ovAY=
-12,9,jEvImhkZeTS6NYVDxAOUz1JlM7Q=,DV23N3Cxog1IuU2rH6GMCdVk9wI=
-13,9,jEvImhkZeTS6NYVDxAOUz1JlM7Q=,ygFyqJhle/jGnUck5gw4sO6ovAY=
-12,7,jEvImhkZeTS6NYVDxAOUz1JlM7Q=,6WoVhvCv2F/JW/U+ZjX8gz4AsmY=
-13,10,jEvImhkZeTS6NYVDxAOUz1JlM7Q=,scjS7U2rabeiFLEFpHO9cxmGi/s=
-11,9,UAQ1UTZ6kITXHAJsCvBAUdsRBgA=,DV23N3Cxog1IuU2rH6GMCdVk9wI=
-11,7,UAQ1UTZ6kITXHAJsCvBAUdsRBgA=,6WoVhvCv2F/JW/U+ZjX8gz4AsmY=
-10,8,UAQ1UTZ6kITXHAJsCvBAUdsRBgA=,/h9SQnz2TkUhwV2CQ0TgTHtd5b8=
-10,10,UAQ1UTZ6kITXHAJsCvBAUdsRBgA=,fPRxUEFnOsjUaPdwSg5GBFKrB54=
-10,7,UAQ1UTZ6kITXHAJsCvBAUdsRBgA=,20iRSiINwxTBg3WQZqokhebQd18=
-11,8,UAQ1UTZ6kITXHAJsCvBAUdsRBgA=,DV23N3Cxog1IuU2rH6GMCdVk9wI=
-10,9,UAQ1UTZ6kITXHAJsCvBAUdsRBgA=,/h9SQnz2TkUhwV2CQ0TgTHtd5b8=
-11,10,UAQ1UTZ6kITXHAJsCvBAUdsRBgA=,1/A19cwOfNc9I0zJLAHwFsz70WU=
-8,3,dRl5DycJuT98PuL+sWzRZ34xVuE=,tGpRTPsHGqhZbHQ5Cxdg5kApPkU=
-8,4,dRl5DycJuT98PuL+sWzRZ34xVuE=,wMHAPkdruvvLmMWzKfuGT1p+u9o=
-9,3,dRl5DycJuT98PuL+sWzRZ34xVuE=,xyh305XbgvaUCrgyv1nCv1DC2Wo=
-9,4,dRl5DycJuT98PuL+sWzRZ34xVuE=,631pJkTEgD/9CsFELB2GiWIQX5E=
-9,5,ZVNETA/jFJyTkN9gE6s8ufTZSLg=,631pJkTEgD/9CsFELB2GiWIQX5E=
-8,5,ZVNETA/jFJyTkN9gE6s8ufTZSLg=,wMHAPkdruvvLmMWzKfuGT1p+u9o=
-9,6,ZVNETA/jFJyTkN9gE6s8ufTZSLg=,20iRSiINwxTBg3WQZqokhebQd18=
-8,6,ZVNETA/jFJyTkN9gE6s8ufTZSLg=,kRNWPC6Ce7/82zyzcx8hDGKvTjg=
-6,5,KEyXi+XyTwDBtmFwhDC2Aa4pb6w=,wrfvPU+XVoRSplvZLmP0RCbcuWU=
-7,5,KEyXi+XyTwDBtmFwhDC2Aa4pb6w=,wMHAPkdruvvLmMWzKfuGT1p+u9o=
-5,5,KEyXi+XyTwDBtmFwhDC2Aa4pb6w=,wrfvPU+XVoRSplvZLmP0RCbcuWU=
-4,6,KEyXi+XyTwDBtmFwhDC2Aa4pb6w=,t/nEtyXejMX5OEszgwj4OzzFJs8=
-4,5,KEyXi+XyTwDBtmFwhDC2Aa4pb6w=,9Kn9zDpoN4iJPjf9Ot5B+Y7O9lA=
-7,6,KEyXi+XyTwDBtmFwhDC2Aa4pb6w=,kRNWPC6Ce7/82zyzcx8hDGKvTjg=
-6,6,KEyXi+XyTwDBtmFwhDC2Aa4pb6w=,2inJBVhJnOBAco7fMFxB/QnUX4g=
-5,6,KEyXi+XyTwDBtmFwhDC2Aa4pb6w=,2inJBVhJnOBAco7fMFxB/QnUX4g=
-8,10,KEyXi+XyTwDBtmFwhDC2Aa4pb6w=,BdbD6JJuZDMH5Sh7ydJ9KaQk4pY=
-9,7,KEyXi+XyTwDBtmFwhDC2Aa4pb6w=,20iRSiINwxTBg3WQZqokhebQd18=
-9,10,KEyXi+XyTwDBtmFwhDC2Aa4pb6w=,fPRxUEFnOsjUaPdwSg5GBFKrB54=
-8,9,KEyXi+XyTwDBtmFwhDC2Aa4pb6w=,56K5BOAqI7OxIaVrWoml93ivK2w=
-9,8,KEyXi+XyTwDBtmFwhDC2Aa4pb6w=,/h9SQnz2TkUhwV2CQ0TgTHtd5b8=
-8,8,KEyXi+XyTwDBtmFwhDC2Aa4pb6w=,56K5BOAqI7OxIaVrWoml93ivK2w=
-8,7,KEyXi+XyTwDBtmFwhDC2Aa4pb6w=,kRNWPC6Ce7/82zyzcx8hDGKvTjg=
-9,9,KEyXi+XyTwDBtmFwhDC2Aa4pb6w=,/h9SQnz2TkUhwV2CQ0TgTHtd5b8=
-7,10,9dIglX/8YjWwzY2WO7oBJk7Ap5k=,BdbD6JJuZDMH5Sh7ydJ9KaQk4pY=
-7,7,9dIglX/8YjWwzY2WO7oBJk7Ap5k=,kRNWPC6Ce7/82zyzcx8hDGKvTjg=
-4,7,9dIglX/8YjWwzY2WO7oBJk7Ap5k=,t/nEtyXejMX5OEszgwj4OzzFJs8=
-7,9,9dIglX/8YjWwzY2WO7oBJk7Ap5k=,56K5BOAqI7OxIaVrWoml93ivK2w=
-5,7,9dIglX/8YjWwzY2WO7oBJk7Ap5k=,2inJBVhJnOBAco7fMFxB/QnUX4g=
-5,10,9dIglX/8YjWwzY2WO7oBJk7Ap5k=,xFudJzFUPC5bWdWUXo2mcMz7KmE=
-7,8,9dIglX/8YjWwzY2WO7oBJk7Ap5k=,56K5BOAqI7OxIaVrWoml93ivK2w=
-4,9,9dIglX/8YjWwzY2WO7oBJk7Ap5k=,lW0v/f4jJd9Gp4p4xPhmXMDhnVE=
-5,9,9dIglX/8YjWwzY2WO7oBJk7Ap5k=,8UQ5FbjxS5del9X0rKtAn9V1HDE=
-6,9,9dIglX/8YjWwzY2WO7oBJk7Ap5k=,8UQ5FbjxS5del9X0rKtAn9V1HDE=
-6,10,9dIglX/8YjWwzY2WO7oBJk7Ap5k=,xFudJzFUPC5bWdWUXo2mcMz7KmE=
-6,7,9dIglX/8YjWwzY2WO7oBJk7Ap5k=,2inJBVhJnOBAco7fMFxB/QnUX4g=
-4,10,9dIglX/8YjWwzY2WO7oBJk7Ap5k=,GJEpf0VbENIWH/04b6tyxb5zC5Q=
-4,8,9dIglX/8YjWwzY2WO7oBJk7Ap5k=,lW0v/f4jJd9Gp4p4xPhmXMDhnVE=
-5,8,9dIglX/8YjWwzY2WO7oBJk7Ap5k=,8UQ5FbjxS5del9X0rKtAn9V1HDE=
-6,8,9dIglX/8YjWwzY2WO7oBJk7Ap5k=,8UQ5FbjxS5del9X0rKtAn9V1HDE=
-7,4,BaJRqNpzzwFjpvcfY1UrW9aR0H4=,wMHAPkdruvvLmMWzKfuGT1p+u9o=
-4,3,BaJRqNpzzwFjpvcfY1UrW9aR0H4=,CcsDi/7lfJwUrVDIxwHdZghF0ss=
-5,3,BaJRqNpzzwFjpvcfY1UrW9aR0H4=,PXzsb4t6NoP/2/Mceu7R/QgLbHY=
-6,4,BaJRqNpzzwFjpvcfY1UrW9aR0H4=,wrfvPU+XVoRSplvZLmP0RCbcuWU=
-7,3,BaJRqNpzzwFjpvcfY1UrW9aR0H4=,tGpRTPsHGqhZbHQ5Cxdg5kApPkU=
-5,4,BaJRqNpzzwFjpvcfY1UrW9aR0H4=,wrfvPU+XVoRSplvZLmP0RCbcuWU=
-6,3,BaJRqNpzzwFjpvcfY1UrW9aR0H4=,PXzsb4t6NoP/2/Mceu7R/QgLbHY=
-4,4,BaJRqNpzzwFjpvcfY1UrW9aR0H4=,9Kn9zDpoN4iJPjf9Ot5B+Y7O9lA=
-4,2,8qVRNcWgk8+Gs8py6PJuFaAV5s0=,CcsDi/7lfJwUrVDIxwHdZghF0ss=
-4,1,8qVRNcWgk8+Gs8py6PJuFaAV5s0=,ty5z8vuVeoFAAHQsIWuqr34TKuM=
-5,2,8qVRNcWgk8+Gs8py6PJuFaAV5s0=,PXzsb4t6NoP/2/Mceu7R/QgLbHY=
-5,1,8qVRNcWgk8+Gs8py6PJuFaAV5s0=,ufGkEfpngvhxK8+nATOdSeJBwYw=
-6,2,8qVRNcWgk8+Gs8py6PJuFaAV5s0=,PXzsb4t6NoP/2/Mceu7R/QgLbHY=
-6,1,8qVRNcWgk8+Gs8py6PJuFaAV5s0=,ufGkEfpngvhxK8+nATOdSeJBwYw=
-7,2,8qVRNcWgk8+Gs8py6PJuFaAV5s0=,tGpRTPsHGqhZbHQ5Cxdg5kApPkU=
-7,1,8qVRNcWgk8+Gs8py6PJuFaAV5s0=,FOFg65xGB39kb/+Sl/fYbt73bow=
-8,2,8qVRNcWgk8+Gs8py6PJuFaAV5s0=,tGpRTPsHGqhZbHQ5Cxdg5kApPkU=
-9,1,8qVRNcWgk8+Gs8py6PJuFaAV5s0=,CLEnbkBKSqwe6OkHjKs1Lpv+GNs=
-8,1,8qVRNcWgk8+Gs8py6PJuFaAV5s0=,FOFg65xGB39kb/+Sl/fYbt73bow=
-9,2,8qVRNcWgk8+Gs8py6PJuFaAV5s0=,xyh305XbgvaUCrgyv1nCv1DC2Wo=
-11,2,qcfY/VFyJnr+1fOfkD3/t+tXQs4=,zkwW75CKvetqsJMaNSgeyMSvmIM=
-10,1,qcfY/VFyJnr+1fOfkD3/t+tXQs4=,CLEnbkBKSqwe6OkHjKs1Lpv+GNs=
-10,2,qcfY/VFyJnr+1fOfkD3/t+tXQs4=,xyh305XbgvaUCrgyv1nCv1DC2Wo=
-11,1,qcfY/VFyJnr+1fOfkD3/t+tXQs4=,QSdYMKo1oWfY1QufO1xmlsZKC6g=
-12,2,T2kH72Zs8Mn1YfTlGWOXGSq4KcA=,zkwW75CKvetqsJMaNSgeyMSvmIM=
-12,1,T2kH72Zs8Mn1YfTlGWOXGSq4KcA=,QSdYMKo1oWfY1QufO1xmlsZKC6g=
-13,2,T2kH72Zs8Mn1YfTlGWOXGSq4KcA=,7jKnrIXWzQamuroLPNaD37ARGP8=
-13,1,T2kH72Zs8Mn1YfTlGWOXGSq4KcA=,nMQOG5COa28VgOi5TxIfVI7SGjg=
-11,4,T2kH72Zs8Mn1YfTlGWOXGSq4KcA=,XHoZD39Vc41qqYDVR5d8n7BwE8o=
-11,5,T2kH72Zs8Mn1YfTlGWOXGSq4KcA=,XHoZD39Vc41qqYDVR5d8n7BwE8o=
-10,5,T2kH72Zs8Mn1YfTlGWOXGSq4KcA=,631pJkTEgD/9CsFELB2GiWIQX5E=
-10,4,T2kH72Zs8Mn1YfTlGWOXGSq4KcA=,631pJkTEgD/9CsFELB2GiWIQX5E=
-10,3,T2kH72Zs8Mn1YfTlGWOXGSq4KcA=,xyh305XbgvaUCrgyv1nCv1DC2Wo=
-11,6,T2kH72Zs8Mn1YfTlGWOXGSq4KcA=,6WoVhvCv2F/JW/U+ZjX8gz4AsmY=
-10,6,T2kH72Zs8Mn1YfTlGWOXGSq4KcA=,20iRSiINwxTBg3WQZqokhebQd18=
-11,3,T2kH72Zs8Mn1YfTlGWOXGSq4KcA=,zkwW75CKvetqsJMaNSgeyMSvmIM=
-12,4,T2kH72Zs8Mn1YfTlGWOXGSq4KcA=,XHoZD39Vc41qqYDVR5d8n7BwE8o=
-12,5,T2kH72Zs8Mn1YfTlGWOXGSq4KcA=,XHoZD39Vc41qqYDVR5d8n7BwE8o=
-12,3,T2kH72Zs8Mn1YfTlGWOXGSq4KcA=,zkwW75CKvetqsJMaNSgeyMSvmIM=
-13,3,T2kH72Zs8Mn1YfTlGWOXGSq4KcA=,7jKnrIXWzQamuroLPNaD37ARGP8=
-13,5,T2kH72Zs8Mn1YfTlGWOXGSq4KcA=,0NnOqgiR4wiJ3w2o/P7CUDT0xT8=
-13,6,T2kH72Zs8Mn1YfTlGWOXGSq4KcA=,nRUCYey1SNEi6FTBTCCd9Jk2sj8=
-13,4,T2kH72Zs8Mn1YfTlGWOXGSq4KcA=,0NnOqgiR4wiJ3w2o/P7CUDT0xT8=
-12,6,T2kH72Zs8Mn1YfTlGWOXGSq4KcA=,6WoVhvCv2F/JW/U+ZjX8gz4AsmY=
-12,0,rdl5wK1LaKgdmouvmXB5tpp3+bQ=,QSdYMKo1oWfY1QufO1xmlsZKC6g=
-13,0,rdl5wK1LaKgdmouvmXB5tpp3+bQ=,nMQOG5COa28VgOi5TxIfVI7SGjg=
-15,5,rdl5wK1LaKgdmouvmXB5tpp3+bQ=,TVL+v3RlhEQkTRt5iwPC+NL0fvY=
-14,6,rdl5wK1LaKgdmouvmXB5tpp3+bQ=,nRUCYey1SNEi6FTBTCCd9Jk2sj8=
-15,6,rdl5wK1LaKgdmouvmXB5tpp3+bQ=,410i0LAmrnGalDAxJdafyAOLu1c=
-14,5,rdl5wK1LaKgdmouvmXB5tpp3+bQ=,0NnOqgiR4wiJ3w2o/P7CUDT0xT8=
-10,0,rdl5wK1LaKgdmouvmXB5tpp3+bQ=,CLEnbkBKSqwe6OkHjKs1Lpv+GNs=
-11,0,rdl5wK1LaKgdmouvmXB5tpp3+bQ=,QSdYMKo1oWfY1QufO1xmlsZKC6g=
-4,0,rdl5wK1LaKgdmouvmXB5tpp3+bQ=,ty5z8vuVeoFAAHQsIWuqr34TKuM=
-5,0,rdl5wK1LaKgdmouvmXB5tpp3+bQ=,ufGkEfpngvhxK8+nATOdSeJBwYw=
-6,0,rdl5wK1LaKgdmouvmXB5tpp3+bQ=,ufGkEfpngvhxK8+nATOdSeJBwYw=
-9,0,rdl5wK1LaKgdmouvmXB5tpp3+bQ=,CLEnbkBKSqwe6OkHjKs1Lpv+GNs=
-8,0,rdl5wK1LaKgdmouvmXB5tpp3+bQ=,FOFg65xGB39kb/+Sl/fYbt73bow=
-16,3,rdl5wK1LaKgdmouvmXB5tpp3+bQ=,4+MCcRTR3aXVIlIpA+e41cNUhHA=
-7,0,rdl5wK1LaKgdmouvmXB5tpp3+bQ=,FOFg65xGB39kb/+Sl/fYbt73bow=
-2,0,rdl5wK1LaKgdmouvmXB5tpp3+bQ=,WqfBewmkoICBmRbXX+qdfpcA0E0=
-16,4,rdl5wK1LaKgdmouvmXB5tpp3+bQ=,TVL+v3RlhEQkTRt5iwPC+NL0fvY=
-14,4,rdl5wK1LaKgdmouvmXB5tpp3+bQ=,0NnOqgiR4wiJ3w2o/P7CUDT0xT8=
-3,0,rdl5wK1LaKgdmouvmXB5tpp3+bQ=,ty5z8vuVeoFAAHQsIWuqr34TKuM=
-15,3,rdl5wK1LaKgdmouvmXB5tpp3+bQ=,4+MCcRTR3aXVIlIpA+e41cNUhHA=
-1,2,rdl5wK1LaKgdmouvmXB5tpp3+bQ=,Jctq2ArJcatmbhglO4CahRcRrOw=
-15,0,rdl5wK1LaKgdmouvmXB5tpp3+bQ=,8wSmjR1W8SHMK0aW9eyLmWJNV1c=
-15,4,rdl5wK1LaKgdmouvmXB5tpp3+bQ=,TVL+v3RlhEQkTRt5iwPC+NL0fvY=
-1,1,rdl5wK1LaKgdmouvmXB5tpp3+bQ=,WqfBewmkoICBmRbXX+qdfpcA0E0=
-1,4,rdl5wK1LaKgdmouvmXB5tpp3+bQ=,6IAHRL0Iw1oG0kbSGtIP9MBluTw=
-1,3,rdl5wK1LaKgdmouvmXB5tpp3+bQ=,Jctq2ArJcatmbhglO4CahRcRrOw=
-16,2,rdl5wK1LaKgdmouvmXB5tpp3+bQ=,4+MCcRTR3aXVIlIpA+e41cNUhHA=
-14,3,rdl5wK1LaKgdmouvmXB5tpp3+bQ=,7jKnrIXWzQamuroLPNaD37ARGP8=
-15,2,rdl5wK1LaKgdmouvmXB5tpp3+bQ=,4+MCcRTR3aXVIlIpA+e41cNUhHA=
-1,7,rdl5wK1LaKgdmouvmXB5tpp3+bQ=,fLkhv5wf6V4R34+tq9kYv+STTjM=
-1,5,rdl5wK1LaKgdmouvmXB5tpp3+bQ=,6IAHRL0Iw1oG0kbSGtIP9MBluTw=
-14,0,rdl5wK1LaKgdmouvmXB5tpp3+bQ=,nMQOG5COa28VgOi5TxIfVI7SGjg=
-15,1,rdl5wK1LaKgdmouvmXB5tpp3+bQ=,8wSmjR1W8SHMK0aW9eyLmWJNV1c=
-14,1,rdl5wK1LaKgdmouvmXB5tpp3+bQ=,nMQOG5COa28VgOi5TxIfVI7SGjg=
-16,1,rdl5wK1LaKgdmouvmXB5tpp3+bQ=,8wSmjR1W8SHMK0aW9eyLmWJNV1c=
-1,8,rdl5wK1LaKgdmouvmXB5tpp3+bQ=,6BAWAXpRFoWK8s/k/f3ZC1M8BG0=
-1,6,rdl5wK1LaKgdmouvmXB5tpp3+bQ=,fLkhv5wf6V4R34+tq9kYv+STTjM=
-14,2,rdl5wK1LaKgdmouvmXB5tpp3+bQ=,7jKnrIXWzQamuroLPNaD37ARGP8=
-1,14,rdl5wK1LaKgdmouvmXB5tpp3+bQ=,lwQVt0kH3Q+eeBRHCBOipVDyAFY=
-1,13,rdl5wK1LaKgdmouvmXB5tpp3+bQ=,SVYEyXqIJO2XAkEinQLGGSapTdQ=
-1,10,rdl5wK1LaKgdmouvmXB5tpp3+bQ=,xBQwaNZslPRHm4+FlRyiO0hJAAM=
-1,12,rdl5wK1LaKgdmouvmXB5tpp3+bQ=,SVYEyXqIJO2XAkEinQLGGSapTdQ=
-2,15,rdl5wK1LaKgdmouvmXB5tpp3+bQ=,lwQVt0kH3Q+eeBRHCBOipVDyAFY=
-1,11,rdl5wK1LaKgdmouvmXB5tpp3+bQ=,xBQwaNZslPRHm4+FlRyiO0hJAAM=
-3,15,rdl5wK1LaKgdmouvmXB5tpp3+bQ=,jAGVoAEkdcsDxeoqr2kgth0TtPk=
-1,9,rdl5wK1LaKgdmouvmXB5tpp3+bQ=,6BAWAXpRFoWK8s/k/f3ZC1M8BG0=
-4,15,rdl5wK1LaKgdmouvmXB5tpp3+bQ=,jAGVoAEkdcsDxeoqr2kgth0TtPk=
-5,15,rdl5wK1LaKgdmouvmXB5tpp3+bQ=,BOmjAmUQC+hXbZkJXvBRiX8rQY0=
-7,15,rdl5wK1LaKgdmouvmXB5tpp3+bQ=,ncKZeoXfWzqjk1Hl1x4DhK2yc98=
-6,15,xIWGXBNU5GNX6TnQA+9Cdv4FsZY=,BOmjAmUQC+hXbZkJXvBRiX8rQY0=
-14,15,xIWGXBNU5GNX6TnQA+9Cdv4FsZY=,uDAOhALxJgTgPALmlVWBclvq9po=
-15,15,xIWGXBNU5GNX6TnQA+9Cdv4FsZY=,iz7JUFD8gyNj8GPZ1tunZ40AkVo=
-16,13,xIWGXBNU5GNX6TnQA+9Cdv4FsZY=,gMnWgAhKOefwAAHvIg3duDaCVp4=
-16,14,xIWGXBNU5GNX6TnQA+9Cdv4FsZY=,iz7JUFD8gyNj8GPZ1tunZ40AkVo=
-16,10,xIWGXBNU5GNX6TnQA+9Cdv4FsZY=,64+CGKkWW/krKo7cd+TMrE/lwF0=
-16,12,xIWGXBNU5GNX6TnQA+9Cdv4FsZY=,gMnWgAhKOefwAAHvIg3duDaCVp4=
-16,9,xIWGXBNU5GNX6TnQA+9Cdv4FsZY=,utjigAf/X7NPgG4iCP8yzHgjUck=
-16,11,xIWGXBNU5GNX6TnQA+9Cdv4FsZY=,64+CGKkWW/krKo7cd+TMrE/lwF0=
-1,15,xIWGXBNU5GNX6TnQA+9Cdv4FsZY=,lwQVt0kH3Q+eeBRHCBOipVDyAFY=
-1,0,xIWGXBNU5GNX6TnQA+9Cdv4FsZY=,WqfBewmkoICBmRbXX+qdfpcA0E0=
-16,0,xIWGXBNU5GNX6TnQA+9Cdv4FsZY=,8wSmjR1W8SHMK0aW9eyLmWJNV1c=
-16,5,xIWGXBNU5GNX6TnQA+9Cdv4FsZY=,TVL+v3RlhEQkTRt5iwPC+NL0fvY=
-16,8,xIWGXBNU5GNX6TnQA+9Cdv4FsZY=,utjigAf/X7NPgG4iCP8yzHgjUck=
-16,6,xIWGXBNU5GNX6TnQA+9Cdv4FsZY=,410i0LAmrnGalDAxJdafyAOLu1c=
-16,7,xIWGXBNU5GNX6TnQA+9Cdv4FsZY=,410i0LAmrnGalDAxJdafyAOLu1c=
-16,15,xIWGXBNU5GNX6TnQA+9Cdv4FsZY=,iz7JUFD8gyNj8GPZ1tunZ40AkVo=
-9,14,xIWGXBNU5GNX6TnQA+9Cdv4FsZY=,nzs6LBzQQ93hSoiFmcnzAtmLl+k=
-8,13,xIWGXBNU5GNX6TnQA+9Cdv4FsZY=,H2N/T+s6TxHQmSUO9cGIP8HXZsE=
-8,14,xIWGXBNU5GNX6TnQA+9Cdv4FsZY=,ncKZeoXfWzqjk1Hl1x4DhK2yc98=
-9,15,xIWGXBNU5GNX6TnQA+9Cdv4FsZY=,nzs6LBzQQ93hSoiFmcnzAtmLl+k=
-8,15,xIWGXBNU5GNX6TnQA+9Cdv4FsZY=,ncKZeoXfWzqjk1Hl1x4DhK2yc98=
-9,13,xIWGXBNU5GNX6TnQA+9Cdv4FsZY=,SEuFDna9FykBEdl4EjzmeM3wSIc=
-13,14,xIWGXBNU5GNX6TnQA+9Cdv4FsZY=,uDAOhALxJgTgPALmlVWBclvq9po=
-11,15,xIWGXBNU5GNX6TnQA+9Cdv4FsZY=,bdYgKtHz0cEIwwgb3mkP4YaCR58=
-11,13,xIWGXBNU5GNX6TnQA+9Cdv4FsZY=,6cL0USgNTQ58PcMOL1hWGPMZDmI=
-13,13,xIWGXBNU5GNX6TnQA+9Cdv4FsZY=,Ug0kWKhjzPIjj8qfT0Bxlrx6xfU=
-10,13,xIWGXBNU5GNX6TnQA+9Cdv4FsZY=,SEuFDna9FykBEdl4EjzmeM3wSIc=
-12,13,xIWGXBNU5GNX6TnQA+9Cdv4FsZY=,6cL0USgNTQ58PcMOL1hWGPMZDmI=
-10,15,xIWGXBNU5GNX6TnQA+9Cdv4FsZY=,nzs6LBzQQ93hSoiFmcnzAtmLl+k=
-12,15,xIWGXBNU5GNX6TnQA+9Cdv4FsZY=,bdYgKtHz0cEIwwgb3mkP4YaCR58=
-12,14,xIWGXBNU5GNX6TnQA+9Cdv4FsZY=,bdYgKtHz0cEIwwgb3mkP4YaCR58=
-13,15,xIWGXBNU5GNX6TnQA+9Cdv4FsZY=,uDAOhALxJgTgPALmlVWBclvq9po=
-10,14,xIWGXBNU5GNX6TnQA+9Cdv4FsZY=,nzs6LBzQQ93hSoiFmcnzAtmLl+k=
-11,14,xIWGXBNU5GNX6TnQA+9Cdv4FsZY=,bdYgKtHz0cEIwwgb3mkP4YaCR58=
